286.60215911475836
297.43355458729593
295.5861330296011
292.036912694056
298.15291191162146
294.17314909197506
302.1636427236487
299.48141137416405
289.3424736901671
294.71984839756055
308.38355430163546
295.3886102872012
307.75603531871343
309.3758484404012
314.05706877639244
324.61671553083715
333.4628079880302
333.4703655125316
334.3524075492857
340.24695362373825
354.13502334195283
363.768636390724
369.97681253769076
369.17857163144663
392.2609336016491
397.3109184591269
393.5175462959852
394.7078372857105
413.8318116832717
407.67148982522093
417.13789212979214
405.7930390969976
410.36395130872285
408.78764942882003
410.57815420319855
411.3574864599145
406.8246671092586
408.5117171438407
410.6726576386742
397.93750975125704
392.9462947216517
390.3380338725623
390.9697486094106
396.8134604204098
396.80819087663536
382.7979616320951
385.03579442379635
386.95271107181117
381.5447334793399
386.12988363277185
373.32318360174423
372.25765553919916
380.83432168143815
370.3352043481741
364.49732594258205
362.6797089513467
357.05337594470797
348.0183495765045
342.67265258421486
330.1733077889963
332.66933809572095
331.60876649300997
317.0156160532656
314.3249099326998
315.10867137136233
316.66392369316395
299.63069030589935
298.37199470126666
294.7388604548842
285.0923112263059
295.6643707590324
287.1580628805216
281.1794115021951
280.07144061944314
277.70317431162607
277.1016367420741
280.3468521580836
278.320844890911
277.86763935576516
256.55126005179466
270.4067315620746
277.97307855359
270.95932577721607
260.5094980676957
263.5206203436151
260.94371760737556
261.62981494516293
256.9839375269145
258.5381106062823
260.54135952059437
258.9397096908125
251.06518662148716
253.64881590071013
253.31462320006335
259.9966342745651
262.23287496261366
263.4393711859269
245.1511489494808
252.19523434144202
252.16565353310023
252.39443277879593
255.1855984158454
246.3331768644622
256.3441946276769
264.6516782912516
257.5706545235929
254.68415007566145
257.5011917808774
260.0678065550234
260.4970213961446
251.75586338444427
258.50635968217756
256.2805375335405
249.83642426455737
253.8900472829628
261.1624340780819
270.3296122207073
260.4826093629708
259.1214532382138
263.2521716608536
260.60479252624555
258.64834381054214
262.5978535705495
250.5913499435791
263.33586114729627
258.15541547956605
260.65004131829403
257.81576712126486
266.52562142597674
270.99963284947194
274.312830088164
268.5812419176616
270.81589719258824
266.61682484639834
264.7310538911898
268.1196134175128
267.699532594175
280.64484066804215
271.2315669638366
277.5297408839299
279.7013919081334
288.69554959348426
284.35424357402735
278.4965035605934
285.94135934057454
286.37484077769346
294.91697781177083
287.9578004584879
291.47233880914524
292.88762303041744
291.14968336410357
290.03655012687494
291.7092537100167
286.0678245791672
289.2212932740528
301.1306904082178
300.2300466687514
297.5103928160102
299.5907596833361
299.3371781767704
307.9066792747644
297.2862940278843
304.58705355851316
311.59598906054896
299.26113179909646
309.1215131101569
305.4811644003127
303.6341171464081
302.63740289522394
317.894053263151
312.26709993585695
312.7545746679491
313.37350928263305
321.9779356713686
323.7688857935175
327.18039167599096
326.88248541289005
324.33219916514247
330.7725651601349
323.5516156913413
317.8143831179456
330.5898998644612
329.3051984203448
332.4153113396075
337.5652712404182
337.110110804706
340.3598627777557
344.27455996779986
341.0022352456052
341.49092154405594
341.57365185773085
347.54645924247654
340.07937681497674
355.50743775231535
353.72067529153554
353.7181227291952
353.5488134209161
361.05878078092877
360.2970582816132
368.27567945303497
371.81867788247473
372.6050872139557
385.2579411477644
388.37027343996687
390.65411790192115
399.50550839978325
400.0924788540099
414.028063238856
409.0842955818657
433.9522099633617
430.5718405159266
436.6682214238809
440.5373869227561
455.92037129876263
465.16420888825235
487.89393407717785
504.39558130054354
516.4621850418564
531.4607798325669
553.3074002515089
562.3760809243313
552.2228565229289
566.1267617648622
546.8878314127787
534.0601002738247
525.5646031990532
501.7493750828286
489.3524508622228
471.6988655164098
463.35865406605325
456.4498515726888
441.22049313810305
440.06361390370506
449.64824904989484
436.52343379542583
449.3112033967617
450.6245931474292
440.8726383773654
445.16337445225895
453.82783677288825
455.1690607744516
448.1280819258955
458.30993572923467
454.12465771886855
466.4912834608932
472.84184855240676
474.32538862080884
488.0769393230987
490.3155363451631
491.7612154010626
495.64001223231173
499.9139626071522
498.58810231982443
504.38546718983036
514.7300930611926
506.15601580170915
488.23927130220073
481.9058954757552
491.04792425696525
481.8543936011608
483.01133948363736
470.2587978988785
463.72780485977194
469.2373963968222
472.89360855735777
459.99547740473076
460.219039017515
464.8883294886956
462.07638492485506
464.5752414453534
462.3559351815034
464.24750227574043
462.86397888078704
463.52940115881194
468.9658052805848
463.7222274246239
465.96170377634115
466.2042705271789
468.71596387374404
473.7398200169352
468.6028751610659
470.9261655129804
477.6707272811679
477.37559667486715
483.1728099031696
480.448403174115
474.87341269378226
483.6398746653758
484.7498252883066
487.1873007572655
486.142337261296
489.9459709828578
485.70823809688636
485.12917476984813
486.8658171587896
499.43020141038147
496.2483636599575
502.7593400305481
502.7431666319097
501.930879559547
505.98051489373245
501.2481086985186
513.0596970207458
522.5173158890458
515.0890013128394
517.5997892813277
516.8147157624815
514.522816702022
518.3941280223988
515.4756856217623
526.5685253729292
529.6216831223469
531.9371946890489
534.4470958636058
540.909422407075
540.5402100499398
550.0804944910469
553.339311396539
544.6116963987814
554.7186850952821
548.5943130476115
559.0846157803118
548.9516287798053
560.3193874932962
557.5279273276665
570.1052836483703
565.0994917783202
569.0325869967677
576.7396045381847
572.9765795911321
581.0105472971314
590.4685427495251
589.8826009923354
596.294757019119
596.6890457718152
603.2335021395882
613.6471609576693
613.6230570061886
611.6472250090073
607.7786996325406
614.7555154845795
623.1167071131066
631.561309005107
628.9793555853743
637.9858812153141
638.5059201917398
634.231506745667
637.3256750411007
647.8054591738194
648.9868931701551
647.1690109857683
661.329846504417
659.8694335367239
655.8898058189391
662.5359970116942
672.5000406987592
674.6439703857881
676.7188194990642
686.3796213842407
677.1614093050756
682.1272164421629
684.5830758916624
687.7280206640185
692.4710836826839
700.8772977828305
700.6966957100631
717.9963101191242
723.3801735725974
721.5493185396052
721.2427773945052
731.4765824155784
728.7967657837187
732.1763595811121
742.4253957899191
743.1559062909477
750.6239228623241
754.4774771781624
757.4616008072259
759.8443252115876
772.1986817452876
770.8697016529832
780.7034160685994
787.0328560139751
788.0610523975016
799.5490360127634
805.0528375371719
809.6764875305958
807.3580164339896
806.711454568018
817.3188321316752
823.1351792009048
830.8415257272104
834.0469015362704
839.881336326543
847.0808596678713
847.472501000085
851.5242896315975
860.1362547380012
868.7054253606601
877.034830405298
878.3404986405845
888.257458696718
880.9677390640045
885.5823680914378
901.7613739852707
911.1767848075866
920.1386284748714
919.717932756575
931.0637252736778
933.6760334972502
948.9998847470114
952.4633061898826
964.8653248385435
958.1059675499797
979.4752610240321
991.2882318019427
980.5569062648967
988.2423106325652
1008.038470961642
1010.731413144382
1027.8951629071337
1038.9997458088724
1046.7541872397298
1068.827512419523
1064.0017463962777
1078.615914044757
1075.2810400649778
1104.647148980736
1121.5282651381226
1138.2904127040392
1145.375615664716
1171.2648978242228
1181.1512828029802
1189.5667940362725
1214.785454772752
1245.7242880729498
1256.0923168077795
1279.3535636570407
1304.410051107924
1350.0848014535095
1357.91583679127
1398.4101790215686
1419.9148498461564
1455.1438707666691
1486.6082630831247
1528.4600478924158
1564.9812460868047
1598.724878352417
1625.2319651677312
1673.8135268020728
1750.0235833141046
1763.3381545503134
1788.3222601435036
1825.8469195112827
1903.5751518545515
1946.034976155991
2015.1414111785489
2054.7844754639277
2088.0341873310717
2157.050564874651
2197.9436259635513
2267.6733882393564
2337.9598691148376
2375.8230857724357
2453.6630551627504
2486.329794003025
2547.8533187756334
2625.243645726564
2675.6507908639114
2742.154769956356
2826.00559853166
2873.4232918751477
2960.327865028199
3035.7893327867355
3097.2877096997117
3153.583010067601
3200.2652479408944
3288.594437118585
3277.760591146662
3327.963723316609
3398.2338466638903
3416.340973966453
3460.1351177432216
3476.3462902525935
3544.2145034909413
3589.9297691911106
3634.6320988209227
3660.1015035816763
3679.2879944066526
3687.541581959623
3718.492276633352
3710.6500885481128
3762.3150275501903
3827.617103210401
3843.4063248226053
3886.192701402219
3966.6362416847396
3995.2369541242606
4091.0848468919976
4208.45992787481
4328.542204673732
4431.151684602496
4541.86837468607
4722.052281659187
4869.353411964885
5104.061771753043
5260.157366878924
5434.500202901722
5683.760285083102
5912.367618385757
6156.722207471959
6402.8840567021125
6677.963170133312
6941.409551517911
7178.823204302079
7407.0241316243755
7609.502336314316
7763.467820890954
7807.320587561453
7792.3206382196695
7747.467974444742
7553.742597499675
7297.364508329935
7058.0537075620505
6806.010195502198
6511.543972134825
6242.885037121246
6006.553389798258
5769.249029176757
5523.041953940357
5307.182162444019
5107.289652712676
4933.914422439866
4741.846468986373
4576.755789378871
4435.472380308563
4315.106238129841
4212.48735885894
4085.195738172598
4033.381371406722
3965.6142535550616
3896.5643792678857
3859.6417428506584
3842.11633826273
3849.958159116028
3845.2571986737557
3892.193449849089
3939.1969052038917
4003.3175569474215
4086.8653969350553
4169.510416667008
4266.972607287071
4400.871959581337
4523.828463976954
4631.542110540862
4720.692888978557
4822.700788632845
4884.84579848261
4894.957907141587
4860.83710285714
4793.993373509047
4713.766706608292
4610.537089295864
4450.144508341561
4345.588950142801
4247.600400723442
4094.4188457326045
3985.094270443504
3923.8166597522904
3854.245998176897
3810.0122698558853
3804.485458547313
3781.745547627598
3794.262520090394
3791.7263585454702
3802.077045217604
3888.9045619454764
3940.7888901805763
3979.960010986114
4066.4079050359405
4111.032552613474
4199.09393361064
4353.1520275268085
4475.876813467751
4612.1182701446
4785.156375872812
4984.76110857115
5092.732445760663
5287.970364563685
5508.834841702826
5741.835853499996
5969.62337587541
6228.337384346621
6468.257854027561
6772.234759627573
7049.528075450477
7313.267775393629
7542.693832946983
7835.986221192188
8105.814912801662
8398.329880037705
8674.511094751595
8949.86852838271
9248.562151957663
9461.401936089425
9745.437850976477
9982.23986640197
10156.597951732885
10378.592075919209
10504.14220749312
10673.078314568185
10781.430364838563
10848.988325578215
10874.752163640138
10904.451845455591
10895.637337033353
10796.838603958964
10665.365611394
10496.878324075351
10378.6167063145
10166.810721996828
9871.780334580919
9584.485507097883
9305.596202150678
9094.102381913459
8758.744008130923
8446.37104211768
8149.233444757613
7796.981176503277
7418.044197375288
7109.942466961726
6795.1759444175605
6473.32458846408
6158.738357388327
5876.417209042556
5602.331100843695
5350.599989772822
5138.083832374651
4859.962584757036
4646.146202590475
4478.7546411076355
4299.187855102893
4127.445798931871
4006.2984265110044
3881.2256913171072
3774.4975463869578
3661.7639443168932
3568.2048372624154
3499.240176937811
3437.0899146157853
3369.7340011271053
3312.122386860256
3262.1850217611104
3226.3718553326134
3190.382836634473
3160.8179142828712
3131.5720364501835
3131.253150864709
3108.142204810422
3088.976145126726
3104.8489182082267
3120.9114700045197
3100.5217460199856
3129.980691313602
3124.8492504987694
3133.7053677431472
3153.591986768505
3164.183050850588
3192.248502818994
3205.444285057065
3227.420339501792
3263.4246076437335
3285.889030526946
3312.0785487489334
3358.9711024606027
3373.276631366239
3393.6150747234906
3403.3763713433727
3481.3504595902805
3505.3472773820176
3543.6367621898385
3614.518851038508
3650.643480506367
3664.020586725423
3702.880105381445
3711.84197171408
3775.616120516978
3862.4424861379352
3860.4910024790493
3942.311602996894
3988.504220702698
4056.7587881625486
4129.895237497603
4175.363500384326
4240.033508054716
4302.985191296578
4429.558480453792
4520.2033054265985
4615.1195956719
4710.087280203579
4800.6762875928325
4949.626545968511
5028.937983017489
5175.200525985031
5298.614101675195
5447.568636451229
5615.824056235993
5788.4002865124
5979.367252323867
6173.634878274775
6343.463088530956
6572.351806820192
6801.38095643272
7048.630460221767
7348.310240604085
7555.080219560515
7790.4903186365555
8147.100458942958
8412.910561156317
8674.580545519708
8921.640331843308
9181.189839505048
9376.358987451284
9585.247694197476
9722.19587782888
9868.283456001267
9974.850345941644
9997.096464449005
10034.45172789508
10019.756052225124
9966.04935295869
9900.781545190444
9800.792543590993
9648.262262407708
9481.30061546559
9417.877516168126
9314.432877498186
9159.546612018912
8989.098631874645
8834.648848791849
8667.497174080056
8475.10351863284
8367.817792928787
8205.309907032495
8089.809770595581
7925.297292857708
7723.2023826476325
7594.614948384259
7438.634898077711
7314.1221393304295
7192.586579338271
6986.838124891633
6873.016682376594
6753.732157776062
6703.11445667095
6561.833484241355
6480.4391452677655
6435.1313441322745
6351.079984819817
6282.834970919411
6190.696205625436
6185.5935917389
6123.227031668746
6062.1064274331575
6001.981680660896
5910.432692592637
5902.199364082335
5880.411595598598
5824.379287226081
5777.322338666894
5707.980649242027
5670.544117892785
5603.792643182246
5562.8961232967395
5513.944456047322
5454.487538871287
5415.065268833683
5352.397542628851
5308.634256581963
5259.315306650607
5193.690588426351
5155.999997136353
5130.133427644967
5084.380774455377
5081.941931711237
5039.856793198337
5023.905252346274
5012.877202230146
4985.592535572257
4977.591144743845
4940.332921766813
4942.34775831549
4918.595545718396
4889.036174960027
4888.909536682655
4857.055521188149
4856.384018439799
4819.954918064164
4806.298109352941
4799.653481264829
4770.450922427433
4731.0403211391695
4716.941565371182
4692.314542769288
4681.109140655928
4656.335246032135
4624.862745579514
4594.201525662249
4584.461472329108
4563.132471315476
4533.694408045397
4498.187167633634
4484.999634887738
4458.559694310141
4446.501230100257
4425.8471261565965
4394.977266078906
4383.703533170305
4370.043810439457
4344.69498060274
4352.150926086439
4335.05352902895
4317.125671283001
4315.139234417885
4315.243099721708
4304.729148203653
4306.364260596256
4301.888317357696
4293.682198674101
4280.212784461868
4270.967954369996
4278.6385877824305
4279.52956382043
4274.418761344935
4272.219058958963
4284.804335010006
4281.13946759245
4271.732334550004
4282.334813478143
4281.8917817265665
4284.994116401667
4288.168694369018
4274.464392255867
4291.074086453648
4304.340653120506
4304.539968183834
4304.309907342822
4310.00434607102
4312.041159618919
4319.9172230165295
4332.386411075997
4330.895598394208
4337.091659355416
4343.168468133888
4344.621898696555
4350.046824805673
4352.346120021506
4359.781657705012
4368.224311020548
4371.787952938584
4372.620456238425
4389.4766935109565
4406.537537161391
4396.205859412032
4403.424532305045
4418.022427705248
4426.527417302906
4433.345372616544
4447.288164995763
4455.0086656240765
4459.27774552175
4467.92327554866
4479.251126407159
4482.626168644949
4499.504272657976
4502.907308693325
4507.119146852128
4515.187657092495
4526.896709232428
4538.992172952783
4539.2649178002075
4533.73381319011
4542.756728409632
4555.560532620635
4565.495094862685
4568.319284056069
4573.067969004798
4573.524018399639
4590.320300821141
4597.519684742682
4603.138038533524
4596.07723046187
4607.70312869794
4615.706601317051
4628.817516302705
4630.325741549693
4645.692144867198
4653.509593981915
4654.999956541179
4670.706100116098
4679.819892204696
4681.951200235064
4691.772891568525
4701.776833502797
4713.595893275177
4716.2789380657205
4736.046835000437
4742.531451154489
4747.1246535554055
4764.3093091862975
4764.9612849890755
4774.18744786769
4778.529664691368
4789.024802297859
4790.688727496685
4823.695307072411
4818.6624077879005
4833.0618963875995
4853.378639600815
4856.103504145002
4860.8833567290585
4883.6000640566235
4877.259492829393
4894.732509750425
4919.205981527459
4926.55777487625
4934.288756523889
4960.122793212146
4962.993751700815
4973.315498771056
4991.503901228753
5006.963825907873
5027.991139673826
5024.811709426839
5041.620402105326
5027.879084689273
5047.129624203615
5070.761887721625
5074.012742368311
5083.11805532381
5107.18869382679
5104.815525177853
5120.216416742948
5128.835235956784
5139.450850326243
5141.211127433804
5148.458934940964
5160.7131405916725
5165.333612215754
5165.939217732344
5172.2228251533315
5179.233302586787
5192.026518240421
5189.319340425014
5204.450637557875
5204.956278166284
5206.027130890949
5214.042064489459
5226.719947839742
5223.963649943521
5224.271039929773
5235.403987058199
5231.709360722677
5245.276030454731
5261.447865926998
5251.300736956698
5264.215513509093
5267.548065700966
5272.843263804083
5278.099978248669
5283.950079626875
5294.8244386962515
5297.830926383222
5308.468413786546
5318.971772180804
5322.681873019855
5332.4625879403175
5341.033788765038
5338.821347506555
5352.21113637058
5360.720027759456
5354.32489427563
5375.425608725118
5377.177044120973
5380.068073686746
5387.2035708599515
5389.898409295528
5400.625462869295
5402.583605681413
5410.122712059842
5410.826656563786
5413.688313987153
5428.951559362002
5424.198267961983
5420.832315305794
5438.282577160606
5449.16292954551
5448.766248734958
5461.935411262177
5463.8232939226145
5463.953773777356
5476.880728156547
5482.130034662812
5485.120571174668
5490.602215849933
5497.530847129134
5509.628343738909
5514.915584695404
5530.382449307662
5532.525817181014
5531.196568220465
5544.8235826340715
5558.961740936312
5565.485923951453
5561.691012816921
5580.280888986655
5590.420434234456
5594.131530657335
5607.9050606788605
5613.952907052479
5615.73695286486
5620.2530815392
5627.428176838559
5631.561122869151
5642.334804083659
5649.516105284527
5654.366911627248
5664.713108623645
5661.420582145157
5674.65621842609
5675.23890406689
5688.843526037391
5692.0679716800605
5705.187128713236
5718.328885234361
5722.833129723196
5734.074751045039
5742.28763845393
5743.404681595843
5768.154770511882
5768.766795641451
5777.26664782543
5775.532218309337
5791.762398746478
5788.579081201091
5806.934158151479
5806.656522493137
5815.856067541867
5823.376687036875
5836.434275143881
5838.442726458189
5841.112936007776
5861.715799256341
5848.444212106379
5863.444070902209
5879.548272433018
5881.520713935874
5899.204293098748
5900.969908063511
5906.243457428923
5923.950840253612
5926.833956059043
5935.774704832473
5942.179987029895
5952.6007035789735
5965.596755881961
5973.387045818611
5973.079475749073
5977.763948516776
5993.056367451303
5997.479636371255
6011.574659587088
6020.603341903956
6017.641588624532
6019.435305551818
6040.142398991934
6039.633775756913
6061.32834316746
6058.937009055715
6074.815681767994
6074.112270167518
6084.719683637131
6101.361832081996
6111.009625932294
6126.711976145885
6139.339794210979
6143.125992148774
6163.74548251609
6164.719178407991
6181.487993460377
6187.374841852577
6195.243638309926
6191.369298106312
6192.898737066731
6229.648871569806
6233.448618550303
6228.533895501626
6253.818620478303
6253.2507120984465
6260.597089546209
6261.657672574214
6272.703381505976
6266.384137238306
6294.930861243694
6278.106475572684
6294.268902856223
6279.895066308007
6280.377889726796
6290.35529749872
6278.70121459957
6298.223566597069
6296.752279653126
6299.605280526073
6294.405496572888
6293.173855751399
6305.331286622465
6299.643718352154
6286.226080713889
6299.424304090584
6304.130319476759
6311.99605848064
6304.242453326242
6309.531436855432
6309.202942529971
6311.126904433544
6313.190257273772
6324.651936384197
6345.256877726259
6332.13401789125
6311.046294102251
6335.518644216042
6328.600006725014
6332.374320759038
6340.820526087328
6359.140563120291
6341.704372911339
6352.792897158704
6357.074078207217
6353.764859050074
6349.2591833305905
6360.752995343916
6360.021240038758
6366.393863019055
6356.361810545659
6363.206029537975
6344.8014675756
6374.591072899923
6384.536794415726
6376.849581692743
6385.723384967223
6388.1771551434485
6408.180843795255
6402.958403167516
6423.288786177613
6428.107946416889
6438.677838152072
6448.394416326692
6472.11863656246
6452.217455160642
6472.714829103405
6486.954716055142
6493.5730743637805
6503.2898630620675
6521.786041868828
6531.579571190218
6539.069412120941
6542.154526445447
6557.638876639122
6574.744425869439
6585.565137997098
6586.456977577148
6599.592909860075
6617.35990079289
6620.972917020159
6633.90592588506
6635.89489543038
6646.020794399503
6645.071592237385
6647.0802590914955
6669.256765812739
6683.465083956366
6687.163185782843
6696.958044258726
6719.7596330574825
6739.75992656032
6757.738899856973
6773.579528746478
6770.957789737921
6803.713660051171
6835.8781176175835
6847.31714108068
6849.549709796822
6882.499803835841
6879.471403981661
6892.929491732893
6904.518049303418
6907.157059622921
6912.142506337441
6909.6263738098605
6903.947647120409
6926.201312067111
6922.8243551662335
6903.125763652707
6912.216525480515
6915.793629323076
6899.38906457359
6904.38182134537
6893.078890472148
6892.594263508361
6896.377932729412
6905.976891131914
6910.8401324339
6907.952651075026
6898.0444422167375
6903.409501742425
6919.713826257551
6926.75041308975
6919.804260288918
6905.8093666272725
6892.147731599386
6879.517355422207
6863.95823903505
6841.048384099566
6815.577792999694
6804.481468841584
6783.462415453503
6757.961637385712
6737.007139910329
6713.691929021164
6678.060011433528
6671.036394584035
6650.81708663036
6630.70509645099
6614.223433644947
6600.678108531495
6594.605132149814
6573.1155162586565
6557.959273335983
6556.7434165785835
6555.788959901648
6558.748917938357
6548.76830603941
6525.786140272558
6520.030437422102
6514.10121498837
6503.459491187178
6503.464284949263
6497.276615919691
6486.801504457255
6477.930971633838
6470.315039233763
6468.584729753115
6469.099066399043
6461.777073089038
6467.321774450202
6458.48019581847
6447.422363237834
6446.725303459537
6439.476043941235
6449.509612846157
6447.405039042223
6440.302352101157
6438.15258229757
6447.617760608018
6452.0899187100495
6456.237088981219
6453.825304498091
6442.174599035213
6433.7350070640705
6444.177563752022
6446.131304961213
6447.586267247465
6451.474487859147
6446.369004736024
6450.059856508085
6453.09708249435
6451.157722701657
6450.884817823423
6447.902409238393
6460.0245390093605
6449.66124988187
6447.0335852828985
6466.378589319518
6461.549306777532
6466.370783120103
6461.028064486341
6460.246197689893
6467.728230217494
6467.729210227508
6474.684186548447
6468.833208677466
6468.578326778844
6468.715591682438
6469.940054882123
6480.510768534208
6469.426785455836
6460.929159123359
6468.871943670698
6467.105193887683
6461.437965218369
6463.734313759339
6466.64629625798
6450.249970110746
6456.827393361403
6477.485624699243
6482.355723457295
6478.202749610504
6491.407763773898
6488.202827200738
6487.0390017806385
6501.837350037677
6500.790935128492
6521.439820840345
6517.021071589179
6544.356752417649
6554.094928993143
6557.453667605776
6592.807035166371
6604.298099204423
6610.320927866039
6630.063589911864
6665.510154714996
6653.236692258865
6691.429273135117
6709.405968541459
6742.086850279505
6775.449990752592
6798.8454629635835
6814.145340512659
6856.573697595076
6898.574608998928
6921.071150102877
6974.893396873873
6996.431425864855
7036.245314212432
7091.13513963456
7120.540980428186
7165.672915466889
7189.801024198494
7193.825386642685
7170.556083388579
7205.123195592311
7196.196804974579
7186.556993818195
7155.853844965597
7169.707441816367
7145.857868324722
7112.295208996995
7124.8095488890895
7133.1009736039405
7108.959569288937
7090.505422633344
7095.61862086571
7120.9692517512485
7118.557403589222
7075.323165210288
7055.036625973861
7053.017875765434
7044.347004993897
7038.7441045888445
7031.51926599786
7023.262581183799
7026.984142622042
7004.854043297752
7029.662376703104
7019.249236834513
7022.864718189834
7047.87891576557
7057.461925054044
7073.173842040574
7108.994763200633
7144.9547854969915
7179.804006376843
7233.022523768938
7289.230436080684
7308.747842195237
7366.234841468597
7406.871533726666
7421.728019262322
7423.884398832459
7393.2607736550235
7333.537245406045
7320.783916216649
7256.61088867006
7222.208265798589
7176.576151080626
7114.424648437596
7061.423862230937
6975.56389725903
6926.734858754152
6855.0568523794
6783.729984225611
6692.284360808266
6619.980089064396
6546.107276349467
6457.93003043426
6386.030459501739
6316.982672143914
6264.817777358693
6236.280884546722
6168.2571035082165
6121.07754443979
6103.458317931267
6082.395534962489
6022.934306900117
6003.748745494415
5975.482962876038
5948.587071552801
5929.27718440645
5905.224414689413
5874.581876021554
5854.19368238692
5845.216948130467
5828.577787954792
5803.329316916858
5781.780650424699
5758.539904234135
5759.444194445465
5743.473637500165
5726.098350177573
5709.548449591565
5692.828053187241
5678.267278737577
5667.4472443401
5650.281068413534
5650.02286969446
5626.762767233951
5619.292880394219
5597.870328845244
5584.915232561402
5583.158711818094
5570.729887188359
5552.7048795394885
5553.087810029638
5542.725800104433
5530.3269714935595
5517.951446207374
5510.119346533482
5492.650795033334
5475.321914538806
5477.76482814878
5479.2366592257185
5464.704531392244
5459.365568527696
5436.637894764713
5443.963634485782
5426.063912319806
5413.64985313866
5406.305582053744
5388.046224412538
5401.778905795151
5381.774752010865
5368.2758890946825
5353.363443303872
5359.119541114507
5345.760309218007
5326.876874517669
5323.722364125215
5314.642905357317
5304.497625732136
5302.999652965855
5283.140114969203
5277.946139844001
5266.223855879676
5269.671391549798
5251.37587550861
5243.4504365875555
5238.332203791802
5234.32930629678
5219.0308734447
5210.79403474109
5205.442919851319
5196.062658597129
5182.23538095316
5170.661217043491
5168.760297138164
5159.085751649715
5143.451711129711
5131.339306265285
5130.806667875671
5131.310926908742
5111.626214437547
5107.732661656854
5087.374399879695
5078.577560533906
5080.590275158674
5074.28967540109
5069.915893012698
5042.474059846047
5045.284307851252
5037.322769072549
5026.260575644858
5020.152859790349
5005.890753815007
4996.82539010521
4981.9109011242945
4982.32441940914
4975.09407756675
4971.318008270833
4965.151344258397
4949.71921832634
4931.033763328044
4934.972112169984
4926.6683978083265
4913.133753245543
4895.8963115270235
4886.918205737694
4891.786568998646
4885.001534463759
4867.209235316337
4870.47380476575
4863.0643760440735
4850.17908240274
4845.6020571091985
4823.997433443565
4817.0833446952975
4814.212924159868
4806.485305135436
4801.836620919534
4791.9930048057595
4781.371590080471
4777.05651001949
4775.85589788481
4762.3008869213145
4753.398610353499
4741.782201382198
4746.998793181325
4738.775518894615
4725.399511632373
4710.074904468233
4709.830830435927
4705.726422526051
4695.138813682849
4682.433136801002
4688.071524722421
4671.97811023305
4671.396026059684
4672.72240486678
4653.012379253289
4644.608081749493
4646.49364481385
4637.81220082984
4636.5398821028375
4622.999820856975
4614.796149232021
4605.714999280275
4597.996502963456
4594.925792149612
4576.01399861004
4569.050254016205
4561.904689936673
4549.394437834057
4542.516629061971
4538.656394861993
4530.451866360632
4522.170174566317
4502.825450366383
4486.674824524078
4486.137427675575
4474.8923903269915
4461.649842851423
4457.9719154859895
4443.270738328886
4435.459441336447
4425.500154320222
4414.013006944062
4412.722128721217
4410.508649011435
4395.290697018098
4392.60240178533
4390.02689219515
4372.196296964629
4364.098744643039
4351.527363609037
4343.703282067849
4335.081628048466
4322.383529400858
4308.796113793187
4305.093508709048
4299.20084144471
4277.821239106372
4265.617828607432
4249.230736665769
4234.139089801035
4223.829014331961
4212.161636373674
4194.434081835025
4186.089476415935
4172.209945604747
4154.921614675597
4140.704608685789
4129.694052473192
4123.576070653644
4116.503787618373
4106.104327531424
4079.5468143271096
4069.6813717074615
4060.387123139707
4055.020191853747
4040.76270083966
4027.368772845206
4013.5095303733574
4004.07209567983
3997.9875907706387
3978.673137399658
3972.7328570662057
3963.081871012628
3958.834300221911
3960.3722654152953
3936.5608870499145
3931.8522853164372
3924.208580136731
3914.5158911615367
3893.7723377681596
3882.430039058168
3884.5111138551165
3868.590680702274
3859.9298578603716
3851.038763305361
3845.48051472619
3836.478229522592
3831.2650248028913
3821.587017381818
3807.927323778343
3788.346060213521
3784.8943426083597
3773.8492865816906
3767.4410074480625
3765.560620215646
3747.7592395841566
3731.82197994279
3724.5339553681692
3723.267279622316
3717.9490661506265
3706.5444280798697
3696.377478216196
3683.814329043163
3674.352092719779
3679.3608810785563
3664.1038056235802
3648.515977528601
3648.9685076351298
3633.586506450561
3628.581084146297
3616.0333505559033
3604.224415173264
3597.9963871507684
3588.978375297495
3590.472488077429
3578.20483360768
3571.084519656727
3553.437653642671
3544.173342631508
3540.8106933354125
3534.7678121110434
3519.572804957858
3507.3717775164487
3498.884835066891
3492.2300825271077
3489.427624451248
3490.4855650280865
3477.943008079432
3470.5410570585577
3470.502815048645
3459.4483847612364
3456.5558685347182
3454.9543683328066
3442.6099857430554
3440.982821975377
3441.129977860585
3447.335553848938
3440.9076500087235
3438.96536602483
3430.129801197357
3433.88205444023
3440.3892242798315
3433.629408853654
3436.747705908962
3432.3622128014736
3453.5720264940583
3445.3972435554488
3453.102960158968
3466.567272081279
3463.2032747011376
3463.468062998176
3464.9687315516885
3450.133374539445
3449.107085736514
3443.1629585140977
3435.7820858383952
3423.2645602694683
3421.2844739601323
3399.211918654859
3382.8909856886944
3370.7177659861964
3345.3203500603845
3332.709828011707
3312.268289527024
3294.974823878607
3288.980519923149
3261.6594661008044
3252.169750434223
3231.476460527622
3226.515683565857
3199.5565063135214
3177.4050151140505
3161.162295888849
3160.7124341364315
3150.4905149315805
3133.4126229245144
3122.6918423400807
3108.9292569769536
3076.400950206861
3076.13400497381
3062.7245037933462
3045.0175287518127
3039.9871615056372
3022.4084832806234
3022.116574871271
3019.0005166400965
3001.301388516982
2980.1162699985316
2986.8882401474475
2977.3653775919192
2978.1217605250276
2975.9174667041707
2967.8675734504923
2964.7311576483394
2950.6972957447265
2961.120063748816
2957.0955372314183
2949.3237913245034
2955.706900720726
2962.9919396729715
2948.09798199391
2942.854101055572
2942.650369788936
2926.36086068353
2909.7646457870505
2896.5947967049915
2871.2453846003004
2855.9004801930314
2834.249153760027
2818.974475134611
2810.969513706294
2796.3703384204946
2766.476017778277
2762.033619836099
2745.4342122055837
2739.682862053292
2728.1576361005227
2716.3496006231185
2709.8458214512925
2694.305363969463
2687.115293116108
2680.309673383632
2668.086568818245
2658.8900430198587
2652.470159141997
2654.1599798917196
2627.7485675295566
2626.926983869463
2618.208290278784
2620.7595476782344
2589.8178165418917
2602.173156897206
2599.8446283250155
2589.43228995959
2595.8322004886736
2586.5604181535477
2583.6230007491104
2556.543005623963
2565.780489680515
2577.081509375101
2560.05812071811
2553.8743792741284
2551.197340162101
2556.2860580554952
2541.198587182488
2538.3369813261647
2549.9912938247226
2550.5385775716995
2542.7458850162066
2534.3922681631784
2524.5637785736353
2527.2424673649557
2512.5243852111644
2509.530582343235
2519.4581085493996
2515.343013175476
2514.9763451252047
2513.2261528606014
2503.147484402316
2493.296387330014
2488.662908782759
2475.988095459415
2484.718993619059
2474.351649081403
2474.9731072272352
2480.0584129988642
2485.4606109005817
2486.1807449991343
2482.4898589242075
2486.6869958689244
2472.1141985903514
2472.1075094100165
2466.865970214445
2462.577622455699
2459.02150715193
2455.4186648879513
2446.977135815809
2437.6689596553724
2417.799175694933
2408.5678227918193
2393.7699393730118
2374.973563435783
2374.908732548338
2367.752483850469
2347.8618540542234
2341.308879444578
2337.0995958801286
2326.076038793787
2313.4732431934895
2318.6052436629175
2322.232074362224
2318.4277690287777
2311.489360977912
2308.3098831036823
2306.732367879642
2315.865847359622
2329.1103531785193
2343.8519165530997
2352.880568282811
2345.020338750601
2360.143257923749
2365.6923553547067
2384.748660181946
2388.9222011308257
2402.9520065144493
2422.589104234555
2438.011521782396
2455.620286239642
2469.9574242792846
2482.9969621665514
2497.589925759834
2509.95034051162
2532.260231469437
2548.145623276801
2553.0215401741825
2569.4770059999737
2574.512044191464
2602.5956777858296
2623.7509294211277
2628.4528213373014
2648.0913753771906
2658.2366129875513
2670.2185552200885
2657.6572227324878
2644.7326357894667
2633.0748142638195
2618.813777637488
2591.839545002622
2573.772135062662
2566.1815661334194
2530.0678561441746
2508.3870226387708
2497.0910827767225
2486.6250533343364
2467.8689507058266
2435.9427909044484
2419.375589563633
2419.460361938134
2401.1241229051766
2383.471886965619
2387.459668245112
2386.722480495279
2387.3383370948886
2388.990251051044
2364.4082350003746
2368.240301210235
2377.8844615799103
2368.883727641831
2385.308110562787
2385.6456211451564
2387.858269828137
2415.2720666889795
2427.133021444236
2439.951143451007
2474.7264417081965
2506.4089248577757
2525.7886011860483
2591.965478624925
2648.1195647532018
2687.370866797843
2767.6393916352736
2837.3351457926738
2914.148135449279
3017.1983664376876
3114.00584424517
3215.1105740149887
3328.4925605477165
3431.8318083025665
3521.118321398721
3581.0121036166706
3631.253158399555
3667.0814888545083
3694.9170977540116
3699.3599875372483
3672.2701603114633
3621.3976178533294
3552.3323616103135
3492.3143927020556
3388.4237119217396
3303.9103197374816
3227.3842162937117
3128.115401412566
3017.6538745952803
2900.5796350235905
2840.43268156113
2751.60301275484
2679.120626836376
2606.725521723523
2544.237695021612
2476.7471440249383
2415.243865718188
2354.2578567778637
2303.269113573715
2256.5676321701726
2205.883408327785
2154.2064375046584
2126.0867148579
2058.5922352450643
2044.9049932256016
2001.3999830623097
1975.7871987227886
1937.8996338808986
1897.736281918219
1854.890135925512
1814.5461887041854
1789.6154327677639
1757.5358603433556
1712.4764633731252
1679.310233515769
1657.900162147991
1622.2702403659819
1601.811458986901
1563.7608085503562
1532.334279319891
1520.8558612844727
1495.2525441599755
1475.1693173906756
1447.5261701507427
1423.4010913457298
1410.1940696140725
1390.6520933285822
1382.771150597946
1349.3092292682265
1354.2143169243593
1333.0194008916587
1328.9664682373184
1312.4085057719153
1300.578500050917
1298.314437376185
1262.3933037974846
1265.7890851139912
1261.5817668757993
1245.9423343854326
1244.249772699354
1224.8740666294761
1215.9902007446742
1208.784159372295
1198.1969265996738
1201.288486275643
1187.5928220120466
1179.5419171852561
1170.4097549376806
1166.9843181792826
1167.786589589092
1153.149551616719
1137.6271864838695
1141.005476185859
1126.6614024931246
1138.3439469527411
1121.2610908899333
1115.6998154095886
1114.002101397771
1101.752929523234
1104.5282802389295
1092.6931337835242
1079.3754701829052
1081.2022692516953
1078.4455105947598
1062.0611736087153
1064.6482374834395
1062.0126812035783
1057.8584835500506
1031.9786231015569
1047.1950782360802
1032.7888271323936
1027.3428477715606
1020.6411179384356
1012.1616152231665
1014.7573170226922
1013.6942005422407
996.3972427968257
989.1124206127412
991.7627106290554
996.3910892991032
988.1905328919756
984.8870174940107
978.579519010279
975.2550131660703
959.8604755083777
967.0558814073806
956.7212060579232
949.1654244809947
943.4625115252056
948.5424418682629
933.3001900184427
939.78473031606
932.0790369349389
927.6220838838786
922.0478450081177
924.998293990796
925.9924043544145
908.5181494622955
911.2975025200335
902.9064365769519
897.846924527552
904.1299391129606
903.2154529223765
901.2014383945127
878.4768678190377
878.4347133380126
876.237946947327
873.5625404981288
879.654465698258
875.9416941136709
854.5981971698633
857.8239461532947
863.4079122128038
860.0900663610247
838.6953794758008
848.2658223015909
837.9633654508782
844.2479794055732
826.8256345184113
834.9003010143532
836.6039489919765
819.1685484248654
814.2130691630013
827.775480934141
806.853753345204
801.5148558836449
817.5397579188276
809.9724287033984
797.6978373746496
797.7589529558845
788.0147443577777
786.2591803797292
789.5362297112197
789.5828609331581
779.2570425192256
766.1957428372207
784.7929301503939
772.111572618783
773.8176383005441
778.582095153277
776.7519110353487
768.901053707212
756.4564908327203
752.1491899804382
767.8041186249501
756.3512441481604
754.485533840595
745.4499549026962
756.521474446111
745.8960594949821
743.8476769872256
753.0892937758141
747.1718766300487
742.056392236829
735.9728072019193
742.5080880512124
738.8662012319829
736.1661131141444
741.023789991495
745.2531980829648
752.9013035338534
750.7330724170668
741.9214707343486
742.5354644175077
743.6530193296378
759.0351012663397
763.44667595693
762.3637090656547
763.2461661928895
772.3110128763419
777.4602145922463
775.7787367565535
775.006544726118
772.7706037998789
784.5958792200362
795.6453361732231
807.3719397916738
802.5166551543856
789.7994472882776
801.7182811693431
803.6891217237975
800.3589338292237
797.5306823157099
778.915331966983
775.3728475215393
775.1291936737673
760.5363350750695
754.0572363349742
749.3848620222468
744.2691766659954
740.5731447567696
735.0097307476549
737.0198990553654
721.8876140613257
717.6568401127537
711.8575415237347
714.6496825762908
695.330227521448
699.1691405802951
716.3823859450385
711.0309277800541
713.2997302229304
708.5967573855098
707.1249733549234
702.2343421946202
703.5068279453924
701.5013946263957
689.9910062361628
689.1896267536135
690.3442201390588
684.7047503352006
691.0181812681258
690.8064768482936
687.3656009715223
687.7185175199661
696.233190363087
694.5295833586274
694.002660353569
687.4253851850929
711.457721681532
711.3786336633182
719.1740849439252
714.3810393308054
712.7534606263212
718.4623126286732
717.6665591328203
725.2271639313963
729.8080908156214
732.6853035762069
752.9467660042578
758.4344418921658
760.8922950345001
774.5892892288931
789.3863882769197
773.7705559849699
801.6947561651205
818.5759526359968
829.8361092236325
829.6521897623229
831.7271580954712
857.7859780764336
857.1136135693562
868.6220284500055
884.4721866065984
892.3050519406216
891.1225883676487
880.4237598181522
904.0305302383083
892.1148635907987
907.8897238556052
906.2570750308006
915.3588811333334
904.9701061998072
920.3897142872553
911.0376694739109
908.8999358599694
922.8534775683484
916.2652587454409
910.0612435618634
923.6953962131986
937.147680920735
937.3560619321964
961.7705035224728
966.5789699943393
980.5594256791758
1002.3558349376768
1025.3791621605594
1039.0273717692633
1041.7684282166483
1085.1472959876837
1099.325939600137
1148.3883236052504
1166.81141258842
1192.0141711698639
1215.686564005289
1263.3385557865493
1271.9801112423017
1324.9311951386562
1374.3917722798199
1407.291807508736
1456.7812657077195
1491.500111799086
1538.4683107457747
1577.3358275519695
1612.502627263712
1664.4386749695097
1691.333935800942
1739.5983749332568
1770.4819575859651
1782.8946490234316
1818.4364145554553
1846.06721953785
1870.3770293730183
1873.8758095105188
1903.163525447632
1885.500142729918
1884.1756269517687
1847.209943756959
1836.6630588391904
1833.774937942628
1806.2155468624376
1771.0148514453113
1738.8728175899946
1680.5194112478048
1690.2745984231447
1666.2283451740125
1628.0806176125072
1610.1213819053278
1578.8306042742693
1561.9682509967106
1567.3642884061023
1578.498682892447
1583.4614009027734
1569.8024089416092
1574.9316735714458
1557.9391614132019
1603.1248391466781
1577.6186735110105
1603.4206313051168
1630.8906793881408
1672.2787846798885
1700.7249141612615
1705.6390348746882
1719.1211139245443
1751.4711184775742
1783.3290157633066
1808.0647730744624
1826.0583577673615
1857.6497372623242
1835.458879044067
1871.0057506620954
1871.3003197310895
1901.912553931289
1871.7224210088705
1875.5598887763215
1861.7549251128098
1852.5974979645493
1846.757575345159
1849.6651253360208
1795.9301160866298
1807.572515814943
1794.5522928077212
1795.0494154208677
1772.1538520797635
1745.145571279596
1742.8845415856854
1744.3807316338057
1730.5641101305023
1735.3246458534036
1737.0923076515305
1722.8370644456013
1752.88888522833
1710.127739064723
1707.3535950923715
1694.7364225217389
1672.8561906364425
1662.302868793535
1631.4564264237786
1624.766833031916
1598.0540581969371
1545.9880715723432
1531.158842886404
1490.896341942414
1461.1605386189424
1443.0214028700807
1400.968904725684
1354.7830142916123
1325.7637017499628
1299.2409373593032
1255.734691454897
1211.2849344489282
1188.221636830719
1144.7947691669474
1099.4043021018567
1070.6602063574646
1020.1724527337672
970.8660121089387
962.8688554395279
940.6749537606516
919.6232781861834
884.9937999089376
839.2464902008533
815.6333204131703
804.6352619766039
786.2332864015161
758.1093652780819
743.8054702764531
724.7635731469177
703.9746457200567
691.6776599068965
675.118587699058
658.3754011689025
651.2430724696735
640.0855738356358
619.7418775822107
599.1099561061075
588.8317818854522
584.9333274799121
571.9355655308182
561.7144687612824
549.8390099763129
547.8791620629265
532.9198979902555
516.5451908096536
515.7730136547972
503.81333974178426
491.55014236922926
467.79939491835535
471.8500708530829
466.2281437201156
453.59658714902247
447.5273748523177
437.42448062553666
433.92387834730874
428.75954197942826
415.7534455669204
421.46356323810585
420.71586920466183
409.1173377616793
402.14294328771865
385.57966024486154
379.0604631787592
394.4343267186796
390.4822255775498
372.9571345519966
375.060028522384
359.7478824528473
367.45367139132577
358.0583704695903
356.13495490327034
355.99839999187714
356.595681118824
344.19377375144444
350.630653441007
334.46529582272757
328.3026766157796
315.8517716233005
320.3095567323966
311.93100791414395
302.50710122358885
311.8258127997433
314.94111886557914
306.90399572802005
303.6954197779295
300.35736749009783
287.6848154232258
295.27574021990625
299.53611860660243
285.6339273936248
289.0901434751053
289.2077438289685
288.383705516901
292.72900568431845
278.6466215603299
272.99153045769975
277.7427097728083
280.23113698560826
275.13978965958086
268.1846454416884
266.79568206232545
