224.68500000000026
235.04600000000025
232.72500000000028
228.6990000000003
234.33500000000032
229.87200000000033
237.37600000000035
234.20400000000038
223.5720000000004
228.4530000000004
241.61700000000042
228.11900000000045
239.98000000000047
241.09000000000052
245.25800000000055
255.30100000000056
263.62700000000063
263.1110000000006
263.4660000000007
268.8300000000007
282.1840000000008
291.28000000000077
296.94700000000086
295.6040000000009
318.13800000000094
322.63600000000105
318.28700000000106
318.91800000000114
337.4790000000012
330.7520000000013
339.6480000000014
327.7290000000014
331.7220000000015
329.5640000000016
330.7690000000017
330.9590000000018
325.83300000000196
326.923000000002
328.48300000000216
315.14300000000225
309.5430000000024
306.3220000000025
306.33700000000266
311.56000000000284
310.930000000003
296.2910000000032
297.89600000000337
299.1760000000035
293.12700000000376
297.06700000000393
283.61100000000414
281.89200000000443
289.81100000000464
278.6500000000049
272.14600000000524
269.65800000000553
263.3570000000059
253.64300000000617
247.6140000000065
234.42700000000687
236.23100000000727
234.47400000000766
219.18000000000814
215.78400000000858
215.85800000000907
216.6990000000096
198.94700000001012
196.9650000000107
192.6040000000113
182.22500000001193
192.0600000000126
182.8120000000133
176.08700000001406
174.22800000001487
171.1040000000157
169.74200000001656
172.22200000001752
169.42600000001846
168.1980000000195
146.1020000000206
159.17300000002174
165.95000000002295
158.14200000002424
146.8930000000256
149.10000000002702
145.71400000002853
145.5860000000301
140.12100000003178
140.85100000003354
142.02500000003542
139.58900000003737
130.87500000003942
132.6140000000416
131.43000000004392
137.25700000004633
138.6330000000489
138.97400000005157
119.81500000005443
125.98300000005742
125.07200000006057
124.4140000000639
126.3130000000674
116.5630000000711
125.671000000075
133.0700000000791
125.0750000000834
121.26900000008797
123.16100000009277
124.79700000009781
124.29000000010315
114.60700000010875
120.41000000011466
117.2310000001209
109.82800000012746
112.91700000013438
119.21900000014165
127.41000000014931
116.5810000001574
114.2320000001659
117.36900000017485
113.72200000018428
110.76000000019422
113.69800000020466
100.67400000021568
112.39500000022727
106.18500000023947
107.64400000025232
103.76800000026584
111.43000000028009
114.85000000029505
117.10300000031083
110.30500000032744
111.4670000003449
106.18900000036328
103.21800000038264
105.515000000403
103.99700000042442
115.83800000044697
105.31400000047068
110.49500000049565
111.5430000005219
119.40700000054952
113.92900000057857
106.92800000060913
113.22300000064128
112.5000000006751
119.87900000071068
111.75000000074807
114.0880000007874
114.32000000082877
111.39200000087227
109.08200000091801
109.55100000096613
102.69900000101669
104.63500000106987
115.32000000112576
113.18800000118453
109.23000000124631
110.06500000131125
108.5590000013795
115.86900000145125
103.98200000152666
110.00900000160591
115.7370000016892
102.11400000177674
110.67900000186872
105.73600000196537
102.57900000206692
100.26500000217362
114.19700000228573
107.23800000240352
106.38600000252725
105.65800000265723
112.90800000279378
113.3370000029372
115.37900000308785
113.70400000324607
109.76900000341224
114.81700000358676
106.19600000377002
99.05100000396249
110.41100000416458
107.70300000437678
109.38200000459958
113.09300000483348
111.19100000507908
112.98600000533689
115.43800000560753
110.69500000589163
109.70500000618985
108.30100000650286
112.77900000683138
103.80900000717618
117.72600000753803
114.42000000791778
112.89000000831626
111.18500000873442
117.15100000917317
114.83700000963353
121.25500001011652
123.22900001062324
122.43800001115484
133.5050000117125
135.02300001229747
135.70400001291108
142.94400001355467
141.91100001422973
154.2180000149377
147.63700001568017
170.85900001645882
165.82400001727532
170.25700001813152
172.45400001902928
186.15600001997055
193.71000002095747
214.74100002199214
229.5350000230768
239.88500002421387
253.1580000254058
273.2700000266552
280.59500002796483
268.68900002933736
280.8310000307759
259.8210000322835
245.21300003386338
234.92800003551898
209.3140000372538
195.1090000390716
175.6380000409762
165.4710000429717
156.7260000450623
139.65100004725247
136.6390000495468
144.35900005195018
129.36000005446766
140.2640000571045
139.68400005986626
128.02900006275874
130.40700006578797
137.14900006896025
136.5580000722822
127.57500007576071
135.80500007940302
129.65800008321656
140.05300008720937
144.42200009138952
143.9140000957657
155.6640001003468
155.8910001051423
155.31500011016192
157.1620001154159
159.39400012091494
156.01600012667018
159.75100013269332
168.0230001389965
157.36600014559247
137.35600015249443
128.91900015971635
135.9470001672726
124.62900017517835
123.65100018344936
108.75300019210212
100.06600020115381
103.40900021062241
104.8880002205266
89.80200023088601
87.827000241721
90.2870002530529
85.25500026490393
85.5230002772973
81.06200029025725
80.70100030380901
77.05400031797897
75.44500033279462
78.59600034828469
71.05600036447909
70.98800038140907
68.91200039910721
69.0940004176075
71.77700043694541
64.2880004571579
64.24800047828356
68.61800050036257
65.93700052343692
69.33700054755035
64.20400057274844
56.2090005990788
62.54400062659097
61.2110006553367
61.194000685369865
57.68300071674666
59.00900074952569
52.28200078376799
49.20200081953723
48.42600085689976
58.46600089592471
52.74800093668414
56.711000979253164
54.135001023710046
50.75100107013633
52.217001118617006
44.8890011692406
54.09300122209937
60.93100127728942
50.87100133491088
50.73800139506805
47.29700145786959
42.337001523428675
43.528001591863166
37.91700166329586
46.30500173785462
46.6410018156726
46.22700189688849
45.99500198164669
49.70300207009756
46.567002162397664
53.32800225871001
53.795002359204304
42.26300246405723
49.55300257345271
40.5990026875822
48.247002806645
35.25900293084853
43.759003060408695
38.087003195550196
47.77100333650686
39.85900348352205
40.873003636848985
45.648003796751176
38.94000396350277
44.01600413738904
50.50300431870675
46.933004507764664
50.34800470488396
47.732004910398764
51.2530051246566
58.63000534801898
55.55600558086187
50.517005823576305
43.57200607656894
47.45900634026269
52.717006615097304
58.04500690153007
52.333007200036455
58.196007511110814
55.559007835267096
48.11400817303964
48.024008524983905
55.30600889167731
53.27600927372005
48.23300967173597
59.15501008637351
54.44201051830653
47.196010968235406
50.562011436887936
57.232011925020416
56.068012433418716
54.82101296289941
61.14601351431088
48.57801408853458
50.180014686486224
49.258015309117106
49.01101595741541
50.3480166324076
55.33401733515987
51.719018066779554
65.57001882841676
67.49101962126589
62.18302044656729
58.38502130560897
65.11302219972839
58.91302313031422
58.75802409880832
65.45802510670761
62.62502615556617
66.51502724699729
66.77602838267569
66.15302956433972
64.9140307937937
73.63203207291039
68.65203340363338
74.8200347879798
77.46903622804284
74.80203772599468
82.5800392840892
84.35904090466504
85.24304259014863
79.17004434305738
74.75404616600292
81.57704806169448
83.59405003294249
87.48605208266214
86.8620542138771
88.8520564297235
92.19205873345385
88.70906112844125
88.87106361818365
93.57806620630836
98.22706889657651
102.62107169288791
99.97607459928594
105.92707761996255
94.6560807592636
95.27408402169421
107.4410874119244
112.82909093479486
117.74809459532297
113.2690983987089
120.54110235034213
119.06410645580792
130.28311072089423
129.62611515159875
137.89211975413613
126.98112453494558
144.1831295006986
151.81313465830706
136.8831400149314
140.35414557798927
155.9201513551644
154.36715735441567
167.2691635839866
174.09617005241506
177.55717676854334
195.32118374152864
186.17019098085356
196.44319849633746
188.75120629814765
213.74421439681137
226.23622280322786
238.59323152868103
241.25724058485238
262.7092499838343
268.1422597381441
272.08826986073814
292.82128036502655
319.2582912648885
325.1083025746878
343.83531430928906
364.3413264840744
405.44933911496065
408.69735221841705
444.5923658114837
461.48137991179027
492.07839453757555
518.8944097077076
556.0814254417043
587.9214417597548
616.9674586827414
638.7604762322627
682.6114944306565
754.0745133010241
762.6255328672553
782.8295531540537
815.5575741869637
888.4725959923971
926.1026185976617
990.36264203099
1025.1426663215689
1053.5126914995703
1117.6327175961842
1153.6127446436487
1218.4127726752856
1283.7528017255347
1316.6528318299893
1389.5128630254321
1417.182895349875
1473.6929288425958
1546.05296354418
1591.412999496562
1652.8530367430662
1731.6230753284528
1773.9431152989616
1855.7331567023593
1926.0631995879867
1982.4132440068083
2033.5432900114627
2075.043337656316
2158.1733869975133
2142.1234380930364
2187.093491002759
2252.113545788506
2264.9536025141147
2303.4636612454933
2314.3737220506896
2376.923784999954
2417.3038501658066
2456.6539176231076
2476.753987449129
2490.554059723628
2493.404134528922
2518.9342119499665
2505.6542920744373
2551.8643749928087
2611.6944607984424
2621.994549587671
2659.274641459889
2734.1947365176475
2757.254834866742
2847.544936616317
2959.345041878961
3073.8351507708117
3170.83526341166
3275.9253799250596
3450.4655004384385
3592.1056250832135
3821.135753994907
3971.53588731327
4140.166025182404
4383.696167750892
4606.556315171924
4845.146467603441
5085.526625208265
5354.806788154243
5612.436956614399
5844.0171307670735
6066.367310796089
6262.9774968909005
6411.057689246762
6449.007888064889
6428.088093552634
6377.298305923662
6177.618525398128
5915.268752202867
5669.968986571581
5411.9192287450305
5111.429478971243
4836.729737505717
4594.340004611627
4350.960280560044
4098.660565630162
3876.690860109515
3670.6711642942246
3491.1514784892283
3292.9218030085326
3121.652138175462
2974.17248432292
2847.5928417936534
2738.743210940526
2605.203592126796
2547.1239857264054
2473.07439212427
2397.724811716585
2354.485244911129
2330.625692127584
2332.1161537978583
2321.0466303664207
2361.597122290638
2402.197630041128
2459.8981541021167
2537.0086949718034
2613.199253162739
2704.1898292022097
2831.600423632633
2948.051037011961
3049.241669914095
3131.8523229293096
3227.3029966646905
3282.873691744574
3286.3944088110075
3245.6651485242164
3172.195911563079
3085.3266986256203
2975.4375104295095
2808.3683477125783
2697.1192112333415
2592.420101771537
2432.511020128679
2316.441967128617
2248.402943618117
2172.0539504674507
2121.024988570998
2108.6860588478676
2079.11716224253
2084.7882997254637
2075.389472293818
2078.8606809720904
2158.7919268128207
2203.7632108972994
2236.0045343362926
2315.5058982707856
2353.167303872739
2434.2487523458667
2581.3102449264265
2697.0217828840346
2826.2333675224922
2992.225000180635
3184.766682233198
3285.658415091703
3473.8002002053636
3687.5520390620104
3913.4239331890367
4134.065884154366
4385.61789356744
4618.359963080225
4915.142094388244
5185.224289231634
5441.736549396217
5663.918876714601
5949.951273067304
6212.503740383899
6497.726280644184
6766.598895879383
7034.631588173363
7325.984359663878
7531.467212543852
7808.1301490626665
8037.543171527497
8204.496282304664
8419.069483821015
8537.182778565331
8698.666169089776
8799.549658011361
8859.623248013439
8877.88694184724
8900.070742333437
8883.724652363726
8777.378674902458
8638.342812988292
8462.277069735892
8336.421448337644
8117.005952065405
7814.35058427232
7519.415348394624
7232.8702479535195
7013.70528655707
6670.660467902141
6350.585795776367
6045.731274060171
5685.746906728808
5299.0626978544615
4983.198651608365
4660.654772262978
4331.011064194197
4008.6175318836013
3718.474179920754
3436.5510130055345
3176.9680359505237
2956.585253683424
2670.5826712495323
2448.870293814251
2273.568126665651
2086.0761752170774
1906.394445009803
1777.2929417157302
1644.251671140143
1529.5406392245031
1408.8098520493013
1307.239315836956
1230.249036954762
1160.0590219178957
1084.6492773924663
1018.9698101986248
960.9506273137242
917.0417358755352
872.9431431855159
835.2548567121378
797.8718840942686
789.4022331446104
758.1269118531966
730.7829283909474
738.4642911132836
746.3220085638002
717.7140894780002
738.9415427870899
725.5653776218354
726.163603316481
737.7792294127321
740.0862656637992
759.8547220385091
764.7406087254783
778.3939361373547
806.0627149151226
820.1789559324772
838.0076703002651
876.5268693709937
882.4465647434087
894.3867682671417
895.7374920474282
965.2887484498943
980.8505501054178
1010.6929099150582
1073.115841055061
1100.7693569819357
1105.6634714376037
1136.0281984546264
1136.4835523615022
1191.7395477880439
1270.0361996708277
1259.5435232587229
1332.811534118494
1370.4402481404852
1430.1196815443789
1494.6698508850354
1531.5407730584109
1587.6024653075533
1641.9349452286813
1759.8782307773413
1841.882340274646
1928.1472924135942
2014.453106265473
2096.369801286341
2236.6373973235936
2307.2559146226135
2444.8153738335027
2559.5157960178954
2699.7472026558617
2859.269615652886
3023.1030573469393
3205.3175505156287
3390.8231183834337
3551.8797846290313
3771.9875733927
3992.2265092838147
4230.676617388422
4521.547923276906
4719.500453011735
4946.084233155299
5293.859290777829
5550.825653465402
5803.643349328033
6041.842407007853
6292.522855687373
6478.814725097831
6678.818045527628
6806.87284783084
6944.059163435834
7041.717024353943
7055.046463188249
7083.477513142433
7059.850208029722
6997.204582281907
6922.990670958455
6814.048509755692
6652.558135016086
6476.629583737586
6404.232893583066
6291.808102889835
6127.935250679234
5948.494376666304
5785.045521269541
5608.888725620725
5407.484031574822
5291.18148171997
5119.6511193875285
4995.122988662212
4821.577134392294
4610.44360219988
4472.812438491252
4307.783690467283
4174.217406133924
4043.6236343127516
3828.8124246515818
3705.9238276351566
3577.567894595883
3517.8746777246415
3367.5142300816497
3277.0366056073854
3222.6418591335714
3129.500046394207
3052.1612240366594
2950.9254496328053
2936.7227816902214
2865.2532796634214
2795.027003965142
2725.794015977671
2625.1343780642164
2607.788153580317
2576.885406885287
2511.7362033536997
2455.5606093868982
2377.0986924245453
2330.5405209561895
2254.6661645328654
2204.6456937787125
2146.5691804026114
2077.9866972098466
2029.4383181137684
1957.6441181474802
1904.7541734755252
1846.3085614055835
1771.5573604001656
1724.7406500883114
1689.748511277279
1634.8710259642298
1623.3082773479002
1572.1003498402586
1547.0273290781458
1526.8793019348925
1490.4763565319104
1473.358582250256
1426.9860697421602
1419.888910942519
1387.027199080347
1348.3610286901805
1339.1304956234378
1298.175697059719
1288.406731518052
1242.8836988680762
1220.1367003411572
1204.4058385414314
1166.1212174567754
1117.6329424696937
1094.4611203681206
1060.7658593561337
1040.4972690645695
1006.6654605615417
966.1405463628524
926.4326404422933
907.6518582418308
877.2883166816722
838.8221341702026
794.2934306137925
772.0913274264668
736.6439475394317
715.5854154104526
685.9388570330777
646.0843999457023
625.8341732404659
603.2063075719788
568.8979351658694
567.4031898271487
541.3642069483843
514.5041235176772
503.59507812643716
494.7862109769485
475.36966388972013
468.11258031061453
454.7551053177476
437.67838562815314
415.3495696042071
397.2568072598016
396.0912502662651
388.15805195801994
374.2353673379707
363.23635308261754
367.0351675468859
354.59697076866667
336.42992447305943
338.2861920763114
329.1109386894452
323.4953311215681
317.96653788285545
295.5737291872011
303.51007695452734
308.1187548127471
299.6759380993711
290.8198038627517
287.90453086295776
281.34829957227066
280.64829217529626
284.55869256868345
274.52668636044274
272.19946086885705
269.7712051209772
262.73810985069383
259.69536749637945
253.5461721980914
252.55271979432976
252.58620781834074
247.76083549395992
240.22480373098554
248.7333151200766
257.46757392716563
238.83078608738094
237.76615919846844
244.10290251370785
244.3692269343137
242.97134500131446
248.7214708869028
248.2728203852484
244.39661090276675
244.92106144783608
248.15239261995552
243.45582659833653
252.2875871299208
247.66989951681768
243.88699060315298
243.9870887613232
247.75442387764718
251.93522733740946
244.32073200928642
230.9301722291508
232.12178378324597
237.12280389072413
239.28347118554194
234.36302569770643
231.3967088338657
224.16776335723728
233.30943336686855
232.88496427622272
230.9106027910847
216.28859688678097
220.3851957847071
220.89164992815859
226.53821095745778
220.61513168437352
228.58366606582598
229.037069176874
223.19759718297823
231.60850731153545
233.462057822681
228.36850797935222
231.00111801661131
233.85214911022098
238.55486334447096
234.15852367925015
246.8843939163611
246.3647386650743
243.99182330691684
254.24891395969536
248.0122774407473
250.3891812294204
247.92189342877572
251.64768272651398
246.58281835512133
272.90157005123433
261.22220801422094
269.01700286397727
282.77122559793884
278.97614754730466
277.27904033247404
293.5621758176959
280.8318260649296
291.9592632869175
310.1317597994712
311.22758797296854
312.74802018306616
332.417328760626
329.1697859408574
333.41966381167856
345.58323426129516
355.06576892500414
370.1635391312184
361.10281584672106
372.0788696211487
352.55397053070874
366.0703881211334
384.01839134987495
381.6352485275471
385.1572272586149
403.6955943813408
395.8416159069899
405.81355695830166
409.05568170723166
414.34725331197205
410.836533853256
412.8667842699515
419.95726429395563
419.4682323843919
415.01894566112213
416.30265983757965
418.3686291529323
426.27310630358363
418.73334237402315
429.0885867670327
424.8750871332612
421.28408930017616
424.6948372004035
432.82657279946693
425.58253602293615
421.4609646829984
428.22409440446313
420.21915855021257
429.5353881461119
441.51701180539055
427.24025565250844
436.0863432465231
435.4114955039671
436.7609306212554
438.1338639966336
440.1625081516845
447.27807265240654
446.5887640298831
453.59378570055446
460.5283378861134
460.7336175330384
467.073818231783
472.2691301356382
466.7457398792868
476.8898304970676
482.2185813409667
472.70916799835754
490.7617622095072
489.53153178486843
489.5076405221787
493.79524812338485
493.7095101114161
501.7235777468243
501.03659794431417
505.9987131891835
504.19406145369817
504.61577611342
517.5079858635136
510.4528146350529
504.854381511352
520.141800644342
528.9291811710178
526.509627129981
537.7262373781002
537.7321055073147
536.0513197616058
547.2379629541614
550.8181123847587
552.2108397573894
556.1662110981559
561.640286673461
572.3551209085206
576.3317623062229
590.5602533663633
591.537630505279
589.1149239759134
601.7211577883346
614.9113496307383
620.5605107909586
615.96364607852
633.8247537472528
643.3088254185035
646.4378460049671
659.7027936351702
665.3156395786319
666.7383481717337
670.9668767443227
677.9281755470831
681.9211876796969
692.6288490198313
699.818088152973
704.750826303147
715.2529772645411
712.190447334071
725.7301352449122
726.6909321010287
740.7477213127263
744.4983785332629
758.2177715965404
772.0337604559113
777.2861971241268
789.3499256144551
798.4587818830004
800.5455937722517
826.3391809558858
828.0683548848605
837.7589187348199
837.2886673548437
854.8563872175677
853.0838563707039
872.9228443899896
874.2021123335887
885.0314126979807
894.2544893753555
909.087077612551
912.9429039715505
917.5326862915754
940.1271336527975
928.9189463416898
946.0538158180558
964.3644246837489
968.614446653119
988.6465465252026
992.8313801576872
1000.594594442672
1020.8618272842499
1026.3747075779324
1038.0148551919476
1047.1888809504244
1060.4473866184944
1076.3499648893303
1087.1151993731423
1089.8506645881546
1097.6459259535843
1116.1165397846419
1123.785053289573
1141.192004568765
1153.5989226159313
1154.0813273213987
1159.3847294775119
1183.6666307861728
1186.7975238685372
1212.1958922768758
1213.5722105086274
1233.2819440226478
1236.4725492576824
1251.0364736530628
1271.6971556716544
1285.4250248250592
1305.2685017010904
1322.0979979935303
1330.145916534182
1355.086651327228
1360.4405875859006
1381.6481017714814
1392.0315616346302
1404.4543262590603
1405.1907461075566
1411.387163070356
1452.8599105158848
1461.4373133438662
1461.3546880407966
1491.5253427378016
1495.8965772708673
1508.2346832434532
1514.3389440914905
1530.4796351507612
1529.3060237266625
1563.0483691663535
1551.4689229332878
1572.9249286841184
1563.8926223479857
1569.7642322081788
1585.1769789861592
1579.0040759279548
1604.052728892908
1608.1521364447733
1616.6194899451589
1617.076973649302
1621.54476480417
1639.4430337488736
1639.536944017386
1631.9406524435535
1650.9993092683835
1661.6040582496018
1675.4060367734585
1673.6253759687725
1684.9232008231938
1690.6386303016748
1698.6407774671234
1706.815749603225
1724.421648339416
1751.202569777985
1744.2866046232793
1729.4358383130034
1760.1743511515772
1759.5502184455365
1769.6465106409514
1784.441293462835
1809.13562805652
1798.098571130975
1815.6101751040312
1826.3374882494986
1829.4965548461332
1831.4804153284333
1849.4841064392324
1855.281661384054
1868.2021099872047
1864.735478849561
1878.1617915080308
1866.3550685966422
1902.757328009234
1919.3295850637082
1918.2818526678088
1933.8071414863925
1942.9234601101477
1969.5998152257328
1971.0592117872845
1998.0796531892665
2009.5961414406088
2026.8696773401052
2043.2952606530234
2073.7328902888835
2060.548564480366
2087.7652809633078
2108.726037157734
2122.0658303498917
2138.5036578752315
2163.7195173022974
2180.2304066174775
2194.4343244105667
2204.229270061098
2226.418243925392
2250.2222475242793
2267.7342837314445
2275.3093569623447
2295.1194733636544
2319.550641003184
2329.8168700602255
2349.3911730162727
2358.0085648460654
2374.7490632089075
2380.399688640207
2388.9924647431862
2417.7364183807126
2438.4945798671906
2448.7239831604747
2465.030666053738
2494.323670367251
2520.794042140016
2545.220831821205
2567.4860944613447
2571.2648899031947
2610.396282972274
2648.9103436669693
2666.672147348179
2675.19977492844
2714.4163130604807
2717.6248543251413
2737.289497418623
2755.0533473389933
2763.835515571906
2774.93112027548
2778.4912864642806
2778.8541461923496
2807.113838735235
2809.7065107709645
2795.940316559907
2810.9254181234733
2820.357985421603
2809.7691965289796
2820.537237809933
2814.96830409196
2820.1755988378327
2829.6083343162236
2844.812731770808
2855.237021587788
2857.865443461793
2853.4272465600984
2864.215689685122
2885.8960414351386
2898.2605803631805
2896.5935951340507
2887.828384679428
2879.346258350999
2871.844536071574
2861.362548484145
2843.4776370988343
2822.979154437694
2816.801464177306
2800.6469412891447
2779.955972177653
2763.755954815996
2745.139298879441
2714.1494258763323
2711.710769276615
2696.0187746378638
2680.3758997287896
2668.3046146501724
2659.11040195319
2657.328756755104
2640.070186852268
2629.084212830418
2631.977368172217
2635.070199362017
2642.0152659877995
2635.9571408402785
2616.8344100091144
2614.874672976222
2612.6775427061434
2605.7036457334493
2609.3116222471463
2606.6621261720607
2599.659825247181
2594.1964011009195
2589.921549323285
2591.4659795349326
2595.188415453074
2591.007594954224
2599.626270133767
2593.791207362323
2585.6721873388938
2587.846005140771
2583.3994702701993
2596.167406697765
2596.728652902511
2592.2230619087545
2592.6015013196006
2604.5258533471424
2611.3880148393346
2617.8558973035315
2617.6954269266857
2608.226544592201
2601.899205893426
2614.384381143797
2618.311055383616
2621.6692283834664
2627.3909146442684
2624.049143393964
2629.4339585808434
2634.095418863511
2633.7105975974905
2634.9225828184813
2633.355477222261
2646.8233981412536
2637.736477517756
2636.3158618738453
2656.7987122779673
2653.038204308219
2658.8595280123404
2654.4478878644236
2654.5285027183536
2662.804605758002
2663.531444444177
2671.144280458362
2665.883389643249
2666.151061940086
2666.743601322869
2668.356325729387
2679.248566989151
2668.4196707482206
2660.110996390965
2668.176916958768
2666.467819065717
2660.7931028112926
2663.0171816900915
2665.7924824986067
2649.1954452391024
2655.508523020604
2675.8391819570434
2680.318901062583
2675.7131721441624
2688.4034996912865
2684.6224007631063
2682.821404872813
2696.922053869394
2695.1179018167745
2714.9495148704
2709.654471151276
2736.0553606175263
2744.800784933495
2747.109357336436
2781.3557025008367
2791.6834564004134
2796.4872661678164
2814.955789952102
2849.073696773999
2835.4176663790277
2872.1743890885064
2888.6625656484966
2919.8029070767375
2951.5741345076
2973.3269790351283
2986.9341815542043
3027.6204925998827
3067.830672184953
3088.4884896357735
3140.4247234264194
3160.0301610112115
3197.8655986556637
3250.731841265898
3278.0697022165887
3321.0900031774827
3343.063573938536
3344.891252233745
3319.3838835636916
3351.6723210168866
3340.427425089935
3328.430063506603
3295.331111035822
3306.7514493086805
3280.431966634479
3244.363557815874
3254.3371239631897
3260.0535723079247
3233.3038160155384
3212.2087739975423
3214.6493707229683
3237.2965360292583
3232.1512049326398
3186.154317438022
3163.0768183484915
3158.2396570744386
3146.723787442381
3138.250167503536
3128.129759342189
3116.9535288839197
3117.732445703734
3092.637482834153
3114.45961657332
3101.039826293164
3101.6290942476894
3123.5984053814263
3130.1187471381063
3142.7511092696095
3175.4764836452314
3208.3258640613267
3240.0502460513753
3290.1306266965257
3343.1880044366526
3359.5433788819996
3413.857750625435
3451.312121055381
3462.977492169459
3461.9348663889014
3428.105246373778
3365.169634839073
3349.199034371681
3281.804447248339
3244.1768752545627
3195.3173195046193
3129.936780262584
3073.7062567645266
2984.6167470418623
2932.5592477459168
2857.65475397375
2783.104259095261
2688.438754581642
2612.9192298351954
2535.8366720205695
2444.4560658974406
2369.3603936546924
2297.124634746109
2241.7807657276403
2210.0747600962586
2138.8925881304494
2088.5662167323703
2067.8126092717043
2043.628725431252
1981.0605210542806
1958.7829479936743
1927.4409539629078
1897.4854823888722
1875.1334722665897
1848.0568580158365
1814.4095693397053
1791.0365310851364
1779.0956631054357
1759.5138801248113
1731.3450916049505
1706.8992016136588
1680.7851086955861
1678.8407057450593
1660.0468798810439
1639.8745123242554
1620.5544782764334
1601.091646801809
1583.8168807107672
1570.3120364457384
1550.4909639693178
1547.6085066546407
1521.7555011780244
1511.724777413882
1487.7741583319385
1472.3244598967385
1468.1074909694776
1453.2530532121527
1432.837940994049
1430.866941300567
1418.1878336444026
1403.509389979081
1388.8923746148553
1378.8575441369737
1359.2256473263205
1339.7734250824315
1340.1336103488893
1339.5639280411058
1323.0320949764782
1315.7358198069392
1291.0938029538838
1296.5487365454815
1276.8223043563698
1262.6261817497277
1253.545035621722
1233.5945243483286
1245.6822977345178
1224.0799969658053
1209.0302545621566
1192.6146943342412
1196.9159313420294
1182.150571855721
1161.9102133190029
1157.4484443146175
1147.1118445322409
1135.7599847386514
1133.106426750187
1112.142723407468
1105.8964185523853
1093.174047007326
1095.6741345566397
1076.4841979303146
1067.7177447898603
1061.8122737163746
1057.0762742007846
1041.0992266362357
1032.2386023126237
1026.3188634132414
1016.4254630135285
1002.1408450819002
990.1654444826434
987.9196869808497
977.9569892493776
962.0917588778108
949.8053943834022
949.1562852239733
949.6018118127558
929.9163455351429
926.0802487673371
905.8378748968654
897.2155683449403
899.4616645906436
893.4534901969059
889.4313628382605
862.4005913303458
865.6814756611283
858.2503070238263
847.7783678515021
842.3209318533013
828.7692640523118
820.4746208250134
806.3912499422951
807.6963906120108
801.4182735230453
798.6551208908655
793.5621465045281
779.2645557751136
761.7745457855647
766.9693053418935
759.9830150257333
747.8268472482089
732.0289663050903
724.5515284332065
730.981681868089
725.8195669028157
709.7113159480277
714.7210535930869
709.1178966683498
698.0999543085247
695.4513280170851
675.83611173171
670.9723918907209
670.213247500488
664.6577502037753
662.2419643489959
654.6919470603486
646.4247483088064
644.5244109839293
645.798970966469
634.7794572017424
628.4728917737386
619.5122899799376
627.4446604068055
621.9970050059421
611.456319170853
599.0265918143141
601.7368054463044
600.6459362524776
593.1309541731441
583.5568229827378
592.3855003697381
579.5409380170222
582.266081682618
586.957871280834
570.6712409637357
565.7481192029468
571.1724288717442
566.0870873274235
568.4680064939114
558.6380929445926
554.2012479853339
548.9433677376757
545.1043432221667
545.9690604418191
531.0484004656586
528.1312395123445
525.0874490338393
516.733895799102
514.0674419777804
514.4729452238843
510.58825875941363
506.68023145791926
491.7627079279764
480.0925285965478
484.08852979221615
477.42954382826315
468.82539908557715
469.83792009536694
459.8789276216624
456.86123874358276
451.7466669373527
445.15502215804656
448.8101109210446
451.5927363831795
441.4206984235574
443.82779372403604
446.39681584934124
433.7595553268053
430.9037997257121
423.6223337362304
421.1359392479218
417.89939542780536
410.6334787979661
402.52496331269106
404.34762043511864
404.02621921338795
388.26352635627364
381.72230630829193
371.04232132426773
361.70233154334744
357.1880950624446
351.36036800911046
339.51590461381295
337.0974572816157
329.18677666324567
317.9096117255381
309.74570982125005
304.8298167582301
304.8476768679377
303.9520330733011
299.7696269559046
279.4691988224987
275.90048777082353
272.9422317547369
273.95016764864226
266.1060313112062
259.16355764836084
251.7934806755843
248.88253357945192
249.36144877845402
236.6469579830731
237.3427922551168
234.36368206630024
236.82335735607452
245.1035475886959
228.06898180953277
230.17138870060592
229.37249663535903
226.55803373265687
212.725727910007
208.32730693600445
217.38449848199548
208.47203017295897
206.85062963760464
205.03002455768575
206.57294271652523
204.70211204675527
206.65026067726836
204.16311697938147
197.7234096122113
185.39086756726172
189.21622021222447
185.4761973339921
186.40052918088637
191.87994650410064
181.46518059836012
172.94096334179991
173.09202723506337
179.29010543962275
181.4619318153243
177.5722409571606
174.94476823127206
169.94524981018168
168.07042270726473
180.69002481045808
173.06679491521095
165.13547275668276
173.26679904118993
165.58551547690678
168.30236480382473
163.4980908229731
159.45343842490752
161.01015361746875
159.7969835528192
169.11567655375882
164.69198213932867
165.43465104970562
155.66943527039336
154.30508805571657
158.8603639516222
160.75301881779552
153.51080984909453
149.2794955963111
148.77883598626272
150.1265923412227
155.34252739769465
164.43440532453667
159.94099174044334
160.6030537307908
168.64335986385254
165.68168020639138
170.89578633863619
177.4144513686487
173.20344994608797
179.7225582753799
188.02855412829814
202.40521685596437
204.16032740027407
210.4126683047565
209.78302372487468
221.7521794377738
236.48692285148522
237.96504301359283
249.33133061937056
253.2035780193967
282.68057922665474
282.7821299231264
298.77302746588504
320.5310708926981
325.4690609271441
334.04379998325385
343.8620921696819
337.3517432934171
344.6575608630391
347.0523540915289
348.0169338986404
343.8511129128417
350.22870547283287
336.51952762864784
328.56739714234845
324.76813348831797
307.74955785316195
303.5224931352232
291.4687639437194
282.56719659751013
284.96861912350096
266.04686125469243
264.9597544278807
252.6721317810176
256.1198281502374
237.57168006655797
223.83352575226226
216.0062051169693
223.97355975340028
222.17043293284755
213.51266960035366
211.21311636960695
205.87262151756167
181.7670349787883
189.92320833956222
184.93699483169644
175.65324932612629
179.04582832625138
169.88958996104327
178.0193939779236
183.32410173542078
174.0445761956107
161.2776819163482
176.46628504329604
175.3582533017569
184.52745598831518
190.73376396229477
191.09204963703857
196.3611869710158
190.73005145876348
209.55252012166758
213.9244714985895
214.54578563634408
229.31834408003473
244.9890298632506
238.4767274981325
241.61032296531172
249.7797037037283
241.85875860033312
233.62637797967963
228.8154535934102
211.81987860964196
204.82354760225732
191.51535654010434
184.5782027761112
184.90498503632006
178.6316034088447
157.05695933275706
160.92795558690614
152.63549627867513
155.18448683268008
151.95283397941492
148.43144574384706
150.20723143396734
142.93910162929905
144.01396816936943
145.46574414214808
141.49234387245565
140.53768291034712
142.3516780194728
152.2672471654215
134.07330950404824
141.46078536979135
140.94259626398127
151.68566484314516
128.92691490730982
149.45627138830704
155.29266033808375
153.0360089170203
167.58224538225997
166.44729907605242
171.637100414114
152.6745808740078
170.019672983546
189.41831030921702
180.4824274446406
182.37595999905264
187.76584458582266
200.91101881100607
193.86942126193375
199.04299149584077
218.72167002853703
227.2823983231214
227.49211877874177
227.12977471940258
225.28131038282237
235.9286709093427
229.1678023308905
234.1196515599954
251.98116637886406
255.78829542851278
263.33198819796036
269.48019501348216
267.2878670279275
265.3109562101013
268.53941533421164
263.7141979693842
280.2822584692454
277.73955196157476
286.1730343380282
299.05766224393284
312.2463930681553
320.74018493304317
324.8099966844417
336.7547878817861
329.91651878827065
337.6311503610951
340.0976442417892
343.5039627466164
347.6290688570571
351.69392621037224
350.90649909024734
349.23875241751915
336.9956517409828
335.3771632282828
328.17825365688606
316.96689040513877
324.47304144340677
324.8736753253002
312.52576117898235
313.5012686985632
316.80616813557805
313.28243029055125
308.1650265046447
320.76792865139254
331.851109128521
335.4885408498538
335.9771972373033
340.21005221294763
346.03008019119306
362.5462560710226
383.1585552283294
405.25295350833693
421.6194272181034
421.08195311911203
443.5125084199466
456.3540707690516
482.6876182475777
494.1231293623111
515.3995830386878
542.2679586138914
564.9062358300355
589.7153948274283
611.2374161379217
631.4462806783425
653.1929697440061
672.6914650023119
702.1237484864217
725.1158025890182
737.0826100561446
760.6131539811252
772.7074177985645
807.8343852784291
836.0170405202036
847.730367947131
874.3643523005256
891.4889786341673
910.4342323087717
904.820098986536
898.8265646257619
894.0836154755539
886.7212380705914
866.6294192259759
855.4281460321525
854.6874058499028
825.4071863054121
810.5434752854072
806.0482609323667
802.3665316398005
790.3782760476015
765.2034830374638
755.3711417283731
762.174241472163
750.5397718491388
739.5727226637704
750.2290839404482
756.1438459193081
763.3949990521184
771.665533998233
753.6854416206077
764.1027129818789
780.3153393405051
777.8663121469709
800.82562304005
807.6812638431301
816.3952265605976
850.29350337428
868.6220866399476
887.8909688838725
929.1001427994448
967.1996012438454
992.9793372347731
1065.5393439472286
1128.0596147103515
1173.6601430043117
1260.2609224572523
1336.2719468422877
1419.3832100745508
1528.714706208292
1631.786429434029
1739.1383740757465
1858.7505345881432
1968.30290555393
2063.785481681174
2129.8582578006904
2186.261228863479
2228.234389938213
2262.1977362087637
2272.751262971775
2251.754965634284
2206.9588397113816
2143.9528808239165
2089.977084696241
1992.1114471539984
1913.605964121955
1843.0706316218668
1749.77544577039
1645.2704027770283
1534.1354989421204
1479.910730654866
1396.9860943913866
1330.391586712826
1263.867204263486
1207.232943768997
1145.5788020345262
1089.894775943018
1034.7108624534699
989.5070585992407
948.5733614863952
903.6397682920765
857.6962762629134
835.2928827134599
773.4975850246625
765.492380642362
727.6522670758216
707.6872418962871
675.4303027355747
640.8804472846882
603.6306732924635
568.8659785642404
549.4973609605636
522.9628183959069
483.4313488374269
455.7759503037407
439.85962086372837
409.70635863536216
394.70716178455854
362.09902852405463
336.09795711230834
330.02794585242174
309.8159930910868
295.1070972175537
272.8212566626209
254.03646989764704
246.15273543358356
231.9170518200281
229.3254176442988
201.13583153052778
211.2962921387749
195.33979816416044
196.50834833601658
185.15494141705784
178.51257620256916
181.41925151961232
150.65196622624953
159.18471921078415
160.09750939101878
149.56133571352896
152.95519715295404
138.6490927113032
134.81802141727732
132.64798232560622
127.07997451640057
135.17399709451882
126.4640491889482
123.3821299522
119.2022385597186
120.71237420930397
126.43353612054757
116.69872353428117
106.06193571203829
114.30917193552838
104.81743150612287
121.33571374435353
109.07201798942228
108.3133435987226
111.40168994737215
103.92205642775646
111.45044244908324
104.35184743694738
95.75427083290622
102.28471209406494
104.21517069267178
92.50164611572308
99.74313786457762
101.74564545458043
102.21316841469549
80.93870628714735
100.74425862707163
90.91082500217365
90.02140499239576
87.85999818959246
83.90460419721376
91.00822262999614
94.43685311366112
81.61549528462135
78.7901487896939
85.88381328582076
94.93948843979612
91.15017392800056
92.24186943614188
90.31357465900244
91.35228930019272
80.30501307191128
91.83174569471048
85.81248689726851
82.55623641616684
81.13699399567356
90.48475938753216
79.49453235075565
90.21531265142602
86.73010006249883
86.47789436361282
85.09269534090444
92.2165027868271
97.36831649997521
84.03613628491271
90.9419619520061
86.66179331726178
85.69763020216772
96.06047243353912
99.21031984336837
101.2451722686787
82.55402955138189
86.52989153813955
88.33575808022832
89.6476290334084
99.71150425779571
99.9553836177375
82.55326698169115
89.70515422210632
99.20004521531024
99.77793984139609
82.26383798411432
95.69973953076708
89.24764437210527
99.36755240222861
85.76546351848829
97.64537762139229
103.13929461451333
89.47921440439937
88.28413690048644
105.59206201501397
88.40098966294241
86.77791976187318
106.50385223197077
102.62278699588701
94.01972397868745
97.73766310777985
91.63560431284455
93.50754752576691
100.39749268057152
104.04243971335833
97.30038856224067
87.80833916728471
109.96029147045104
100.81924541553757
106.05120094812419
114.32715801551905
115.99411656670625
111.62607655229507
102.65003792447074
101.79700063694645
120.89196464491687
112.86492990501299
114.41089637525819
108.77286401502569
123.22783278499709
115.97180264712225
117.27877356458022
129.86174550174144
127.27171842413091
125.46969229839246
122.68566709225418
132.5066427744947
132.13661931491058
132.69459668428462
140.79657485435513
148.256553797786
159.12153348813786
160.1565138998398
154.5344950081623
158.32447678919075
162.60445921979954
181.13544227762745
188.68242594105342
190.72141018917307
194.71239500177592
206.87238035932353
215.10336624292796
216.4903526343311
218.7733395158846
219.57932687053034
234.43331468178152
248.49830293370442
263.22729161090047
261.3612806984892
251.62027018209156
266.5022600478134
271.42325028223024
271.0302408723718
271.12623180570733
255.42222307013148
254.77821465395002
257.42020654586696
245.70019873497122
242.0811912107242
240.25618396294752
237.9751769818112
237.10117025782225
234.34716378181355
239.15415754493316
226.80615153863388
225.34714575466316
222.30714018505336
227.84613482211242
211.26112965841443
217.82212468679114
237.74511990032303
235.09111529233124
240.04511085636943
238.01510658621612
239.20410247586696
236.9620985195275
240.87109471160636
241.49009104670802
232.59208751962646
234.39108412533878
238.13408085899883
235.07107771593144
243.94907469162635
246.29007178173285
245.39006898205426
248.2720662885427
259.30406369729394
260.1060612045426
262.0730588066572
257.97805650013595
284.48105428160187
286.8610521477988
297.1040500955869
294.74704812193926
295.5440462239372
303.6660443987672
305.2720426437169
315.22304095617164
322.18303933361113
327.4280377736062
350.0460362738155
357.8790348319826
362.6710334459327
378.69103211357026
395.8000308328759
382.48502960190365
412.69902841877865
431.85902728169447
445.38702618891074
447.4600251387508
451.7810241295995
480.07502315990087
481.62702222815636
495.3490213329223
513.4020204728085
523.4270196464759
524.4260188526349
515.8980180900437
541.6650173575066
531.8990166538722
549.8130159780316
550.3090153289176
561.5290147055023
553.2480141067965
570.7650135318477
563.5000129797392
563.4390124495883
579.4590119405458
574.9270114517942
570.7690109825464
586.4390105320455
601.9170100995627
604.1410096843966
630.5610092858731
637.3650089033423
653.33100853618
677.103008183785
702.0920078455796
717.6960075210075
722.3830072095335
767.6980069106431
783.8030066238416
834.7820063486528
855.1120060846187
882.2120058312992
907.7720055882709
957.3020053551264
967.8120051314745
1022.6220049169386
1073.9320047111569
1108.672004513781
1159.992004324477
1196.532004142923
1245.3120039688097
1285.9820038018402
1322.942003641729
1376.6620034882012
1405.3320033409934
1455.3620031998516
1488.0020030645326
1502.162002934802
1539.442002810435
1568.8020026912152
1594.8320025769353
1600.0420024673952
1631.0320023624035
1615.0620022617761
1615.4220021653362
1580.1320020729136
1571.2520019843453
1570.0220018994742
1544.1120018181502
1510.5520017402284
1480.0420016655703
1423.3120015940422
1434.6820015255162
1412.2420014598692
1375.6920013969836
1359.3220013367456
1329.612001279047
1314.3220012237825
1321.2820011708527
1333.972001120161
1340.4820010716148
1328.3620010251261
1335.022000980609
1319.5520009379823
1366.2520008971676
1342.2520008580898
1369.5520008206765
1398.5120007848586
1441.38200075057
1471.302000717746
1477.6820006863265
1492.6220006562526
1526.4220006274675
1559.7220005999177
1585.8920005735513
1605.3120005483186
1638.322000524172
1617.542000501066
1654.4920004789567
1656.182000457802
1688.1820004375616
1659.372000418197
1664.5820003996712
1652.1420003819487
1644.3420003649953
1639.8520003487783
1644.102000333267
1591.7020003184305
1604.672000304241
1592.9720002906702
1594.7820002776923
1573.1920002652816
1547.482000253414
1546.5120002420663
1549.2920002312162
1536.7520002208423
1542.7820002109243
1545.8120002014423
1532.8120001923778
1564.112000183713
1522.5920001754305
1521.0520001675134
1509.6620001599465
1489.0020001527143
1479.6620001458027
1450.0220001391974
1444.5320001328853
1419.0120001268535
1368.1320001210904
1354.4820001155833
1315.392000110322
1286.822000105295
1269.842000100493
1228.9420000959053
1183.902000091523
1156.0220000873367
1130.6320000833382
1088.2520000795191
1044.9220000758717
1022.9720000723881
980.6520000690615
936.3620000658846
908.712000062851
859.3120000599544
811.0870000571886
804.1650000545479
783.0400000520268
763.05100004962
729.4780000473223
684.781000045129
662.2120000430353
652.2520000410369
634.8820000391295
607.7840000373092
594.5000000355718
576.4720000339138
556.6910000323317
545.3960000308217
529.8330000293811
514.0800000280066
507.9320000266951
497.75300002544384
478.38200002425015
458.7170000231114
449.4000000220251
446.4570000209889
434.4090000200006
425.1320000190579
414.19500001815885
413.1680000173014
399.1360000164837
383.6830000157039
383.8270000149603
372.7780000142513
361.42000001357525
338.5690000129307
343.51400001231616
338.7810000117303
327.03300001117185
321.8420000106394
312.61200001013196
309.9790000096482
305.6770000091872
293.52800000874777
300.09000000832896
300.1890000079299
289.4320000075496
283.29400000718715
267.5620000068419
261.86900000651286
278.06400000619936
274.9280000059007
258.2140000056162
261.1230000053451
246.6120000050869
255.11400000484096
246.51000000460667
245.37300000438353
246.01800000417103
247.39200000396863
235.76200000377588
242.96600000359234
227.56300000341753
222.15800000325112
210.46000000309266
215.6660000029418
208.03100000279815
199.34600000266138
209.3990000025312
213.2440000024073
205.9320000022893
203.44400000217703
200.82200000207018
188.86100000196845
197.15900000187165
202.12200000177955
188.91800000169187
193.06800000160845
193.87500000152906
193.73600000145353
198.7620000013817
185.3560000013133
180.37300000124827
185.7920000011864
188.94400000112753
184.51200000107156
178.2120000010183
177.47400000096764
