6322.793753826606
6302.406875111965
6269.493033324938
6235.028446738462
6210.3793375670975
6175.783931947154
6153.307459916916
6120.306155396967
6079.9952561706195
6055.347003864429
6039.130643928823
5996.400425618819
5979.176601974841
5951.348429803631
5926.724169659256
5908.120085824224
5887.943446290669
5859.068522741661
5831.2075905325855
5808.49792867263
5793.919819806365
5775.224550195405
5753.240409700179
5724.385691761781
5719.5466933839125
5696.809715114928
5665.363061029951
5639.033038713098
5630.768959239788
5597.3521371591305
5579.692890476417
5541.352540635691
5519.057412502411
5490.743834346202
5465.925137823678
5440.222657961381
5409.33473313878
5384.792705071368
5360.849918793836
5322.135722643341
5291.289468242856
5262.9495104846
5237.972207513552
5218.328920711054
5192.958014678487
5153.702857221043
5130.815819331562
5107.727275174469
5077.432602069766
5057.249180477144
5019.791393980132
4994.191629270355
4978.350276131862
4943.548727425533
4913.523379073561
4887.632630044023
4858.046882335518
4825.165540961884
4796.0860139370025
4759.964712259665
4738.950049898523
4714.489443777116
4676.606313758971
4650.735082632778
4628.447176097644
4607.03902274841
4567.150054061062
4543.142704378194
4516.867410894556
4484.684613642677
4472.825755478551
4441.993282067405
4413.792641869533
4390.566286126198
4366.1826688456185
4343.66824678901
4325.102479456704
4301.366829074345
4279.304760579137
4236.47974160618
4228.926242474863
4215.182736175329
4186.957698355014
4155.394607305239
4137.389943947887
4113.894191822135
4093.757837071259
4068.385368429502
4049.3082772090106
4030.7750572868395
4008.731205092013
3980.508219592662
3962.8366022832197
3942.339857171684
3928.9514907669413
3911.209012066161
3892.5279325422457
3854.442766131348
3841.7800292204524
3822.1332406350166
3802.833921626674
3786.1855958610063
3757.9817894053635
3748.7290307167627
3737.859850629834
3711.6887823448287
3689.798361415701
3673.6971257382315
3657.4306155382214
3639.1113733597467
3611.705944053468
3599.8758747649968
3579.1527149233298
3554.294016229329
3540.015332644273
3529.037220378454
3520.0352378798425
3492.0999458228007
3472.7309070968595
3458.933686795546
3438.4378522052734
3418.7119727942836
3404.970620201643
3375.3513682263033
3370.5607928162026
3347.9224720574366
3333.0359861634724
3312.896917464428
3304.3778503963918
3291.698371490812
3277.933069363926
3255.197534706249
3240.502360272119
3219.4471408692834
3200.7784733485546
3187.4569565934994
3170.3991915101965
3166.7787810170335
3140.871330034563
3130.7464454754077
3116.5657362342154
3109.277813177663
3088.7242891345168
3066.7237788857374
3058.094899154636
3042.5232685970814
3035.128507791755
3012.3002392304575
3000.013087308459
2985.693678314906
2968.287640423266
2951.5726036818337
2937.709200004272
2916.597063160209
2904.344828765878
2900.913134274809
2884.7356189685643
2866.8029239475177
2853.7336921216897
2838.3935682016177
2831.939198689279
2806.357231869058
2798.7583177987626
2790.9291083006747
2763.8172569526605
2758.961419079313
2740.6652517431503
2724.222413735847
2708.689565569519
2709.4693694680486
2689.4244893584505
2675.552590862289
2661.870341287128
2656.2314096180357
2643.836466509122
2633.119184275124
2618.749236883035
2602.1832999437684
2594.6640507038765
2573.5391680372945
2553.953332437142
2552.935226007554
2537.9115324555614
2527.336937083006
2518.8561267785008
2504.8237900094286
2494.549616813983
2484.993298793245
2468.3025291033046
2455.42500244742
2442.193415068218
2434.903464739929
2414.224850760665
2416.4922739447393
2401.5954366150168
2388.533042595311
2375.3537972028143
2369.903407240569
2356.2305809899744
2351.3470282033327
2342.0764600964326
2330.0975893411724
2330.0331300582134
2320.475797809679
2310.137309591884
2306.413383828104
2294.471740361383
2295.925100447369
2278.5451867471966
2291.0227233203964
2275.2974356178474
2269.0940504747605
2260.7082961036945
2263.880902087618
2260.9585993729947
2271.566120262911
2275.9891984102323
2276.020568810801
2279.0269677966626
2288.924133029329
2286.085803493076
2264.067719488271
2266.148622624739
2235.1282558151606
2210.5603632685015
2190.365690483476
2154.891984242046
2130.8769926029477
2101.6454648952567
2081.7671517119797
2063.3598049036846
2036.6711775721571
2024.094024064094
2022.297099964824
1997.8291620920631
1999.311968489702
1989.3582784216208
1968.376852365541
1961.4754520069007
1958.9848402327693
1949.2077811257857
1931.0850399581327
1930.2213831855352
1915.0265784412966
1916.4193945303596
1911.8316014233965
1902.4119702509356
1905.2952732975089
1896.7002839958363
1887.3467769210342
1880.460527784857
1874.003313429964
1861.9799118242192
1857.1131020550163
1856.8266643236354
1837.6543799396236
1809.1720313152107
1792.3054019597457
1790.9462764741684
1771.2834405455021
1762.0026809413796
1738.843785504593
1721.9375431476742
1717.1027438474996
1710.4451786399238
1687.263639614441
1677.2339199088708
1671.6798137040741
1658.6741162186913
1651.008623703912
1638.6541334382694
1630.439443722456
1618.9783538741744
1609.594664223006
1605.010176105311
1589.7736918591515
1582.0480148192396
1572.352949311913
1564.9543006501358
1560.0948751285223
1545.101480018388
1537.5949235628248
1534.5360149718008
1524.4635644172863
1520.5093830284018
1508.0592828865927
1492.784077020826
1491.8755794028154
1483.3356049422655
1476.1479694821433
1465.5024897939716
1459.7299835731487
1445.940269434288
1435.8331669065856
1428.0654964292048
1431.149079346693
1418.5097379044128
1415.586295244001
1406.1585753988497
1395.9574032896098
1390.6406047197165
1376.5640063709398
1379.0534357989545
1379.2107214289326
1362.5036925511627
1355.757179316684
1345.7360127329496
1334.2290246595048
1328.906047803694
1316.8139157163844
1318.753462787712
1312.6735242428515
1305.8759361378045
1299.2925353552112
1296.6811596001824
1287.2576473961517
1287.7628380807491
1282.0055718016972
1264.2806895127248
1265.409032969505
1250.3244447256086
1251.8727681284838
1232.8158473154515
1235.2775272097242
1223.5976535164414
1227.3040727187285
1213.4446320737736
1208.5411796089245
1207.4285641178049
1194.862635156452
1194.1102430394706
1194.798238836209
1185.458474366955
1183.132802199146
1174.805075643605
1172.6431487507907
1174.3658763070687
1165.666113831
1155.0297175696505
1142.5155444949164
1140.861452299871
1140.6062993951266
1140.4489449052173
1129.2792486650003
1129.712071216072
1121.6722738032076
1108.8517183708125
1103.413267559396
1105.3737847020611
1098.0491338210138
1087.738179624086
1093.4187875012794
1083.4908235213277
1071.0561544282712
1069.2596476380538
1070.7931712351347
1064.5185939691173
1058.1867852513958
1059.4526151518187
1041.850954395367
1038.4446743588526
1032.5396470676317
1027.3347451923337
1023.7388420456081
1023.8168115788867
1015.3185283791643
1024.310867665792
1021.397705287291
1011.2799177181776
1002.6963820558091
1004.6629760172423
993.7255779361088
988.8570667595062
990.8673220449047
983.3682239570707
982.6156532650024
978.2574913388856
973.0386201470606
967.2269222530067
971.3952808123422
961.8885795698376
963.552702856445
961.7205355863439
954.5949632539985
957.9368719312332
955.3021482643211
951.7946794710865
941.3523533380251
932.5890582174345
935.0866830245626
932.8001172347685
932.4102508806992
927.5259745494783
925.2771793799112
924.3997570597029
916.7205998226909
912.7076004460914
913.260652247758
913.7766490834581
914.0584853441593
907.3220559533306
909.2022563642581
893.880982557373
890.469131037594
898.626598831683
900.0252834856125
900.9750830619495
892.5468961372494
895.889621799465
890.5031596453676
897.8324097779821
893.3052728040328
897.7206498314056
882.97844246662
896.3685528123143
900.2058834647455
881.5023375112999
881.2188185280155
893.04923057712
887.7794782045785
896.9834664376535
900.1311007824801
899.9312872216487
914.052932211806
901.2779426812615
907.9452260276117
896.6656901153724
918.0892432736247
927.0297942936729
935.853252426714
935.0015273815184
952.9555293221222
954.9081688655328
955.391357079445
972.6790054799671
995.6880260293615
998.1273311337939
1013.4608336410959
1030.5904468385372
1068.3390844506114
1068.244660636829
1100.8140899895259
1114.3942875316811
1141.6991687147438
1165.2396494164745
1199.167645938794
1227.7650750056464
1253.58485376087
1272.167899766079
1312.8251309985603
1381.110465849175
1386.4998231202733
1403.5581220236204
1433.1562821783323
1502.9572236088202
1537.48886674275
1598.6661324090053
1630.3789418356673
1655.6972166480004
1716.7808788664508
1749.7398509046523
1811.5340555674447
1873.8834160489018
1903.8078559303676
1973.707299178504
1998.4316701433495
2052.0108935563826
2121.454894528602
2163.9135985486123
2222.4669314807174
2298.3648195630303
2337.8271894055847
2416.7739679884617
2484.275082659923
2537.8104611345557
2586.1400314914226
2624.853722172228
2705.2114619794875
2686.403180074706
2728.6288059765734
2790.918269559158
2801.0415010501188
2836.8484310289195
2845.0689904250567
2904.943110516294
2942.660722926906
2979.361759625932
2996.826152925436
3008.0038354787794
3008.2447402788966
3031.1788006565876
3015.31595027881
3058.9561231469856
3116.2292535953156
3123.985276289101
3158.734126223071
3231.135738719728
3251.690049427689
3339.486994320043
3448.8065096927176
3560.8285321628464
3655.3729986671547
3758.019846460343
3930.1290131134874
4069.350436512443
4295.974054856258
4443.979806655589
4610.227630731139
4851.387466212086
5071.889252534534
5308.132929439958
5546.178436973672
5813.135715483292
6068.454705617214
6297.735348323095
6517.797584846348
6712.131356728635
6857.946605806381
6893.643274209279
6870.481304358818
6817.46063896681
6615.561221033922
6351.002993848228
6103.50590098375
5843.269886299024
5540.604893935661
5263.740868316923
5019.197754146299
4773.675496406095
4519.244040356025
4295.153331531818
4087.0233157438215
3905.4039390756166
3705.085147882643
3531.7368887908265
3382.1891086952155
3253.551754758624
3142.654774410283
3007.078115344494
2946.971725519295
2870.90555315513
2793.549546733526
2748.3136549957762
2722.46782694163
2721.9820118279904
2708.9461591676186
2747.5402187278396
2786.194140529264
2841.9578748445088
2917.1413721969234
2991.414583359331
3080.4974593527677
3206.00995144523
3320.5720111504324
3419.8835902265655
3500.6246406750647
3594.2151147393865
3647.9349649037813
3649.6141438920868
3607.0526046665145
3531.7603004264506
3443.0771846072585
3331.3832108790907
3162.518333145704
3049.482505543281
2943.005682439259
2781.327818431165
2663.4988683454512
2593.708787236348
2515.617530384708
2462.8550532968684
2448.7913117035105
2417.5062615585325
2421.4698590379207
2410.372060538631
2412.152822677475
2490.402102290009
2533.6998564294363
2564.276042365503
2642.1206175834127
2678.1335397827347
2757.5747668763274
2903.004256989259
3017.0919684577416
3144.687859828062
3309.0718898555274
3500.0140175034076
3599.314201941887
3785.872402547024
3998.04857889971
4222.352690784636
4441.43469818927
4691.434561302828
4922.632240515263
5217.877696416246
5486.4308897941655
5741.421781635122
5962.0903331219315
6246.616505633136
6507.670260742008
6791.401560215586
7058.790366013677
7325.346640287901
7615.23034538071
7819.251443824441
8094.459898340343
8322.425671837636
8487.938727412562
8701.079028347429
8817.766538109696
8977.831220351014
9077.30303890632
9135.971957792894
9152.837941209455
9173.63095353523
9155.900959329067
9048.177923328503
8907.77181044888
8730.342585782442
8603.130214597453
8382.364662337286
8078.365894619569
7782.093877235288
7494.218576147916
7273.729957492547
6929.367987575028
6607.9826328711
6301.823860025536
5940.5416358512975
5552.56592732868
5235.416701604469
4911.593925991105
4580.677567965844
4257.017595169928
3965.613975407762
3682.4366766460817
3421.605667013145
3199.980914797912
2912.7423884492378
2689.8000565750617
2513.2738879416106
2324.5638514725974
2143.669916248428
2013.36205150541
1879.1202266349694
1763.2144111828657
1641.2945748484149
1538.5406874837151
1460.3727190928762
1389.010639831253
1312.4344200046835
1245.5940300687294
1186.4194406279212
1141.3606224350071
1096.117546390206
1057.2901835404634
1018.7735050787128
1009.1754823431372
976.7770868164394
948.3152901251111
954.88406403871
961.6343804691365
931.9242114699172
952.0545292354898
937.586306100494
937.0975145390629
947.6311271641213
948.8611167266846
967.5574561151632
971.3761183546693
983.9670766063283
1010.578304166592
1023.6417744665573
1040.4224610712865
1077.8983376791323
1082.7793781210653
1093.6855563600056
1094.0068464901578
1162.5332227363483
1177.0746594533673
1205.901131125313
1267.31261236494
1293.9590779130108
1297.850502637649
1327.2168615336996
1326.6781297220866
1380.9442824491814
1458.2552950861668
1446.7811431284094
1519.071802194833
1555.7272480272954
1614.437456489969
1678.0224035687243
1713.932065370515
1769.0364181227683
1822.4154381727783
1939.4091019871003
2020.4673861509496
2105.790267367604
2191.1577224578077
2272.1397283591796
2411.4762621256236
2481.1673009267415
2617.8028220472524
2731.582802886409
2870.8972209574213
3029.506053886883
3192.429279414199
3373.7368753910155
3558.338819780656
3718.4950906575577
3937.7056662067093
4157.050524723097
4394.609644611146
4684.593004384173
4881.660582663832
5107.362358179575
5454.258309768099
5710.348416372815
5962.292657043304
6199.621010934783
6449.433457307572
6634.859975526565
6834.000545060705
6961.195145482451
7097.523756467267
7194.326357793095
7206.80292933984
7234.383451088859
7209.9079031224455
7146.41626562332
7071.35851887413
6961.574643256938
6799.244619252726
6622.478427440895
6549.246048498768
6435.987463201094
6271.282652419565
6091.0115971223195
5926.734278373456
5749.750677332553
5547.520775254188
5430.394553487455
5258.04199347549
5132.693076754996
4958.327784955771
4746.376099800241
4607.928003102991
4442.083476770298
4307.702502799675
4176.295063279404
3960.6711403880818
3836.9707163941653
3707.803773655517
3647.3002946189554
3496.130261819804
3404.8436578814476
3349.640465514888
3255.6906675182995
3177.5442467765934
3075.501186260978
3060.491469028525
2988.2150782217336
2917.1819970681036
2847.1422088797053
2745.6756970527513
2727.522445067176
2695.8124364862083
2629.855654955958
2572.872084204991
2493.6017080439206
2446.2345103649873
2369.5504751416506
2318.7195864281816
2259.8318283592484
2190.4371851495202
2141.0756410932554
2068.467180563905
2014.7617880137122
1955.4994479733157
1879.9301450513528
1832.293863934068
1796.4805893849198
1740.7803062441928
1728.392999428611
1676.358653930949
1650.4572548196534
1629.4787872384568
1592.2432364060003
1574.2905876154564
1527.080826234152
1519.143937703194
1485.4399075370998
1445.9287213234238
1435.850364722392
1394.0448234665337
1383.4220833603179
1337.0421302797902
1313.4349501722124
1296.8405290557027
1257.688853018878
1208.3299082205008
1184.2836808891225
1149.7101573227333
1128.5593238884117
1093.841167021976
1052.4256732276383
1011.8228290776585
992.142621212002
960.8750363379985
921.5000612300016
876.0576827290514
852.936887742538
816.5656632438672
794.5779962721276
763.9968739317588
723.202283392223
702.0062118876759
678.4266467166415
643.1605752416873
640.7019848891009
613.6928631485695
585.8561975728591
573.9639757774978
564.1651854404585
543.751814301844
535.490850163574
521.1222808890736
503.0270944029629
479.672278690748
460.54582179851496
458.33871183262363
449.3559369594041
434.3754854048541
422.3103454543383
425.0345054522887
411.5129538019071
392.2536789648688
393.00866946102747
382.722913868122
375.9874008214846
369.32911901375047
345.7970571945687
352.5842041703149
356.03354880380516
346.4210800140115
336.3847867757788
332.2786581195427
324.52068313104985
322.60785095107843
325.2941507751613
314.02657185330946
310.45210348973734
306.76473504258996
298.46045592367045
294.13425559816983
286.68912358439763
284.38704945351446
283.0990228292647
276.93903338771236
268.05507085697656
275.20212501696926
282.5611856991343
262.53524278618715
260.067286211857
264.9863059606287
263.820292067488
260.97523461766554
265.2631237463846
263.33694963860864
257.96770252879014
256.9833727006218
258.6899504867877
252.45242626871658
259.7267904763356
253.53503358782672
248.16114612938213
246.65311867496337
248.79494184605966
251.33260631144856
242.05710278695767
226.9874220352271
226.48155486547364
229.76649213325567
230.19222474024002
223.5177436339687
218.77803980762837
209.75610429981964
217.0849281943283
214.8275026198976
210.9998187500011
194.503867802618
196.70564104000763
195.29612976848722
199.00532533820893
191.12321914293938
197.11080261983943
195.56106724924555
187.69600455445203
194.05860610149432
193.8408634989338
186.65276839764283
187.1673124905921
187.8764875126378
190.41328524031053
183.82669749160544
194.33771612577289
191.57833304311063
186.94054018475651
194.90732953248298
186.3546931084918
186.3896229752106
181.5541112350897
182.8851500304003
175.39873154303416
199.2688479943032
185.1134916447412
190.40465479390582
201.6273297801819
195.2725089805856
190.98718481056983
204.65334972383016
189.27699621211212
197.72911680501954
213.1967040698232
211.55775061127144
210.31324907140072
227.187192129348
221.11357250116336
222.5063829396241
231.78161623404935
238.34426521011602
250.49032272967534
238.4457816905705
246.40563502645526
223.83187570661318
234.26649673577825
249.09949115395577
243.56785203624497
243.90757249266164
259.2296456679622
248.12506474146878
254.81182292689448
254.73391347217046
256.67032965927297
249.7690648040519
248.37311225606004
252.00146539838295
248.01411764747013
240.03006245296646
237.74229329754525
236.19980369674124
240.45858719878532
229.23563738443931
235.86994786683232
227.89751229129718
220.50932433520813
220.08437770781964
224.34166615010508
213.18418343459732
205.1099233652291
207.88087977717527
195.84404653669463
201.0884175409738
208.95798671797087
190.52874802626033
195.18169545487888
190.27282302317155
187.34712478063915
184.40359480678597
182.07422721096876
184.7900161322459
179.65895573922796
182.18004022992847
184.58826383161562
180.2246208006651
181.9531054224129
182.49371201100962
172.27243490927492
177.67526848855314
178.21920714856947
163.88124531728675
177.0613774507632
170.91459803301052
165.92990157585342
165.21228261878878
160.07673572884664
162.996255500451
157.16983655528205
156.9474735421383
149.91316113680028
145.0598940418942
152.63166698675664
140.21047472730004
129.20031204587843
139.03017375115445
142.31405467796625
134.34494968719596
139.96585366563806
134.32976152586883
126.96066820611645
132.41256867013138
130.21145790705808
125.7763309313065
123.85718278242518
123.41000852497402
128.15680324839855
126.1185620669042
134.28528011933156
129.15395256903227
120.57557460374508
126.97914143547337
133.91964830036238
133.27209045857776
122.33146319418424
133.8017618150254
136.84798165260344
133.49211806196007
140.22516642155796
139.2591221331623
134.05598062172368
131.61173733526078
131.85338774474454
129.0799273439819
132.97435164950113
133.30365620043696
131.32983655841664
134.87888830744677
124.81680705380005
131.31058842590335
125.17922807422585
132.09772167116796
128.66406491095063
135.15325350950553
141.69328320436534
139.62414975455502
144.32084894048333
146.01737656383503
140.64672844746374
158.93790043528492
153.11988839216997
155.21868820384032
147.11229577676252
156.9997070380435
147.50291793532645
159.57392443668743
153.04172253053224
156.016308225494
157.3416775503309
164.23382655382517
160.10675130468172
156.67144789142787
171.19891242231338
151.88214102521093
160.86712984751728
170.98687505605483
167.00537283697355
178.7656193956536
174.6386109566084
174.05034376338816
185.9268140784838
183.01001818323152
186.18195237771775
186.8496129806847
191.56399632943604
198.8850987797437
201.0319167057544
195.1124464998972
194.21668457279117
203.96062735315374
202.86727128770966
211.47761284109973
215.05364849579095
206.67137475198632
203.0767881275355
218.42788515784588
212.59566239579408
228.9991164116376
221.34924379292764
232.00204114442147
226.1055050879959
231.55263226256096
243.06741932397384
247.62086294495376
258.2619598149965
265.8617066402903
264.6531001436313
280.31113706434
276.356814158178
288.23112819726475
289.2570759699956
292.29865428095917
283.63085995085623
280.4006898164181
312.42514073032595
311.53320956113026
301.96089319317105
322.622188526498
317.46509247679154
320.2566019752836
316.79671396867957
323.35642541908027
312.585733303904
336.7156346158097
315.5091263626198
327.3242055672439
308.6378692676028
304.8431145165526
310.5779383818094
294.71633794587467
310.06631030596026
304.4578525739147
303.2089618761489
293.9426353535633
288.67987016147396
296.841663469541
287.19401246169537
269.8519143360671
279.16136630491417
280.0143655945505
284.0629094452758
272.52799511130456
274.07161986069616
270.03378097528486
268.28447575061057
266.7107014958496
274.5714555337459
291.6117352005426
274.96053784591425
250.3808608328987
271.3977015378298
261.06005735027065
261.4519256729467
266.5523039216791
281.5631895253192
260.85457992568263
268.7074725774836
269.7898649482705
263.3187545183606
255.688138780776
264.09401524117953
260.3113814178109
263.67023484142334
250.66157305522057
254.56639361479395
233.25969408805997
260.1844720551983
267.30272510858964
256.82545085275456
262.9466469042921
262.68531089181874
280.0114404559081
272.14903324903037
289.87708693549257
292.13159919137865
300.17456770449036
307.4019901742878
328.674864311831
306.3601878397212
324.48195849204285
336.38417401430553
340.70283216338635
348.1579307074727
364.4304674260054
372.03844010962155
377.38084656009835
378.35668459029705
391.76995202410654
406.84264669638844
415.6687664529213
414.60430915034567
425.82227265610925
441.70965484841264
443.481453616155
454.61166685888
454.83629248672213
463.23632842035363
460.59977259093097
460.9596229400421
481.525877419654
494.1625339920603
496.32759062982893
504.62804531575074
525.9738960427876
544.5571408140215
561.157777642603
575.6588045517008
571.7362195744514
603.2300207539084
634.1712061429929
644.4257738044435
645.5127218107663
677.3560482441873
673.2597511966015
685.6888287695251
696.287279074047
697.9751002307801
702.0482903698138
698.658847630666
692.1457701622351
713.6040561227535
709.4707036797402
689.0547110099536
697.4670762993456
700.4047977430148
683.3998735451602
687.8313019190358
676.0060810869049
675.0382092799944
678.3776847384493
687.5715057112888
692.0686704563602
688.8541772402957
678.6580243384674
683.7742100349428
699.868732622442
706.7345904022934
699.6567816843904
685.5693047871481
671.8541580374608
659.2093397706587
643.6748483304658
620.8286820689572
595.4608393465172
584.5063185317973
563.6681180016749
538.387236141211
517.6916713436099
494.6744220101775
459.3794865502806
452.7318633813063
432.9275509286216
413.26954762553316
397.28085191324703
384.2674622408292
378.76537706516575
357.8855948509233
343.3781140705102
342.8499332040369
342.6220507392776
346.3474651716315
337.1711750040842
315.0321787471696
310.15847491893174
305.150062044887
295.4679386579864
296.47110329857804
291.3205545143701
281.92129086039324
274.1653108989641
267.7026131996483
267.16419633922413
268.9090589016459
262.8561994780081
269.7086166665089
262.2133090724149
252.54027530802514
253.26651399263577
247.47902375250462
259.01280322081624
258.446851037647
252.92116584993016
252.38674631142155
263.5055910826649
269.6696988309579
275.54706823031773
274.90369796144785
265.0595867117034
258.4647331750585
270.7901360520723
274.6647940498561
278.0787058820402
283.963870268741
280.89328593652834
286.65695161839295
291.804866053714
292.01402798822704
293.9274361739919
293.16908936936073
307.55298633894625
299.4891258535904
299.19850669033264
320.9181276323789
318.5009874690705
325.77208499585294
322.9164190142455
324.6589883318104
334.70279176212233
337.30282812473826
346.894096245167
343.7165949548397
346.17232309107925
349.0572794970714
353.0664630218345
366.45887252019054
358.23350685273556
352.6313648858109
363.50644549147387
364.7087475474693
362.0472699372003
367.3860115497005
373.3769712796049
360.0961480271222
369.8255406980063
393.67214820352865
401.76696946045024
400.8750033909938
417.37724892281676
417.50570498898327
419.7113705279372
437.91524448347513
440.310325804719
464.4366134460898
463.5311063672802
494.41580353322854
507.73870391409207
514.7178064852208
553.727110227131
568.9096141254796
578.659317171038
602.1642183596663
641.4083166922877
632.9676111748629
675.0281008183647
696.907784638753
733.5266616569493
770.8627308988115
798.2659913951097
817.6084421815011
864.1140822985051
910.2269107914791
936.8699267105937
994.8731291108091
1020.6265170518508
1064.6900895981844
1123.8638458189937
1157.5877847881552
1207.0719055842153
1235.5862072903667
1244.0306889944247
1225.215349788804
1264.2701887704955
1259.865205041043
1254.7803977065214
1228.665765877512
1247.141308669081
1227.9470252007566
1199.0729145965067
1216.3089759847162
1229.355208498165
1210.0016112740054
1196.3681834537404
1206.3349241832022
1236.5718326125293
1239.0789078961457
1200.7961491927385
1185.4935556652374
1188.491126480793
1184.868860810754
1184.3467578306493
1182.2348167201628
1179.1230366631166
1188.0214168474463
1171.0999564651836
1201.1486547124332
1196.0075107893535
1204.926523900136
1235.2756932529849
1250.2250180600963
1271.3344975376385
1312.5841309057334
1354.0039173884331
1394.3438562137042
1453.0839466134044
1514.8441878232652
1539.9445790828727
1603.045119635645
1649.3258087288168
1669.8566456134183
1677.7176295442548
1652.8287597798903
1598.870035582627
1591.9114562184861
1533.563020957191
1505.0147290721457
1465.2665798404187
1409.0285725427239
1361.9707064634015
1282.0829808904002
1239.255395115259
1173.6079484330899
1108.340640142558
1022.9834695458649
956.7964359487312
889.0695386603776
807.0667769935084
741.3701502642928
678.5536577923484
632.6482989007231
610.3990729158787
548.6909791676724
507.85501698934087
496.6071857174826
481.9434846920411
428.908913256288
416.1774707568062
394.3931565434735
374.0059699694454
361.23191039113925
343.7419771682173
319.6891696635705
305.91748724330233
303.5839292767124
293.6144951362805
275.0621841976504
260.23599583961425
243.74392944409615
251.42298439613685
242.25316008387776
231.70445589854546
222.0068712344361
212.16440548889977
204.50705806232546
200.6158283581253
190.4037157827197
197.12471974552193
180.86883965892315
180.42807493827735
166.0594250018864
160.18288927098524
165.52946716972707
160.22815812516856
149.35496156725537
156.91387692880738
153.75190364550437
148.57704115587157
143.4492889012652
142.88864632585825
132.71511287662645
122.70468800333381
132.48937115851888
141.32616179748055
134.18205937826423
136.2540633616479
120.96017321112852
135.7423883929081
125.32170837588028
120.40913263161652
120.58866063435278
109.87529186097603
131.17602579101091
118.76186190660633
112.87479969252234
105.59583863611697
119.00697822733304
113.3242179586852
102.13855732524695
106.70299582463771
105.36353295701001
102.97916822503674
109.26290113389837
97.20573119127037
99.8346579073106
95.95568079464682
107.26679936836419
96.85501314599293
96.83332164749594
99.6387243952566
103.57922091406652
96.2438107311134
95.9894933759689
98.64026838057679
97.28113527924076
91.49409360861269
87.97914290768074
94.1562827177576
92.57851258246875
85.05983204774074
81.08124066178975
88.70073797510989
97.37532354046172
85.87899691286098
90.19175764956704
78.05760531007164
77.5025394560877
87.77455965153804
89.75066546254428
93.67085645741572
74.54013220663838
85.67849228286393
86.06193626089883
83.36146371769344
85.63207423233122
79.76476738601802
79.11054276207128
72.62339994590944
81.48033852504138
82.7093580890558
87.4084582296108
89.73263854042344
82.80689861725926
72.64323805792216
85.11865646224388
85.36715343207392
80.39972857126935
71.74438148568466
71.36311178316171
84.84291907351971
86.68380296854518
77.53176308198216
89.45079902952224
90.70991042879477
86.50709689935708
90.62635806268479
77.73169354216206
79.54110296307213
85.40758595258754
86.43014213976072
90.54477115551452
89.47747263263274
87.64524620575072
92.1320915113461
99.74600818772943
95.017995875035
94.95505421521158
92.19018285201334
106.27038143099068
106.92264959948123
102.43398700660082
96.00839330323447
104.67486814202756
109.49241117737685
107.83802206542173
104.0767004640354
118.67044603281613
111.54325843307853
119.93813732784501
130.252082381837
119.54009326146655
120.14416963482763
131.04831117168786
131.39551754347988
139.16178842329302
134.67012348586502
135.52452240757367
135.51098486642843
136.86951054206233
142.88509911572388
133.0687502702686
135.20946369015127
137.17723906141762
133.7890760716965
136.04197441019167
141.32093376767406
142.26395383647383
143.1380343104724
132.95717488509467
125.97837525730144
134.6206351255813
132.5629541899432
128.51533215190875
134.0397687145045
128.54826358225438
129.95381646117218
129.21842705875406
126.96209508397102
134.9088202472615
141.93960226052394
135.97244083710945
142.54133569181448
149.2292865408736
140.6682931019521
141.84635509413886
138.5564722379392
140.01964425526774
140.69087086944117
137.29115180517135
133.0074867885582
138.61387554708264
142.0353178095997
129.9748133063316
127.0953617688609
120.03696293012342
114.27861652440167
113.30632228731798
110.98107995582764
102.59988926821234
103.60574996407337
99.08066178432502
91.1506244711879
86.29563776818246
84.65070142012233
87.90181517310783
90.20197877451955
89.17819197301175
71.99945451850611
71.5157661621852
71.6061266564862
75.62653575509455
70.75899321293765
66.7574987861786
62.29305223221
62.25265330964769
65.56730177832465
55.65399739928479
59.11673993477693
58.87052914824866
64.02936480434029
74.97524666887891
60.5731745088723
65.27514809250307
67.0431671891227
66.76323156924563
55.43334100454343
53.50549526783892
65.00169413310041
58.49693737543591
59.252224771087384
59.777556097425006
63.635931132941515
64.05034965724653
68.25381145106091
67.99231629621119
63.748863975623934
53.58345427332027
59.54708697441034
57.91676186508777
60.92247873262428
68.45523736536416
60.06603755271897
53.53987908516203
55.66176175422321
63.80368535248345
67.89264967356961
65.89365451214907
65.13069966392457
61.96978492562895
61.90791009501996
76.3150749708751
70.45427935298645
64.26052304215563
74.10480584018859
68.11212754989069
72.49348797506153
69.32988692049
66.90232419194929
70.05279959619193
70.41031294094483
81.27686403490436
78.37845268773154
80.62407871004706
72.33974191342651
72.43444211039558
78.42717911442521
81.73595273992689
75.88876280224783
73.03160911766636
73.88449150338714
76.56540977753652
83.09436375915789
93.47935326820708
90.25937812554768
92.17543815294663
101.45053317306945
99.70466300947588
106.11582748661526
113.81302642982214
110.76225966531175
118.42352702017551
127.85382832237681
143.3371634007464
146.18153208497807
153.50593420562447
153.93136959409242
166.93883808263902
182.69533950436704
185.17887369322082
197.534440483982
202.3800397122653
232.81467121451422
233.85833482799706
250.77603039080253
273.4457577418358
279.28051672081426
288.7373071682636
299.4231289255134
293.76598183469355
301.91086573872974
305.13078048133974
306.9067259070293
303.53870186108827
310.70070818958646
297.76274473936996
290.5688113580571
287.51490789403425
271.2290341964527
267.722190115224
256.3763755010167
248.1705902052521
251.25583408010087
233.00610697847893
232.57940875404384
220.94073926119108
225.02609835505035
207.10448589148172
193.981901727072
186.75934571913132
195.32081772568907
194.10131760549064
186.01684521799353
184.28040042336391
179.49298308247316
155.93059305689394
164.6202302088971
160.15789440144778
151.38858549820222
155.28630336350403
146.62604786238086
155.24281886054095
161.0256162243696
152.2154398209259
139.9092895179392
155.55016518380575
154.8860666875855
164.4909938989985
171.12494668842174
171.90292492688585
177.5839284860716
172.35695723830696
191.57601105656352
196.3370898144534
197.34019338622602
212.48732164676485
228.52547447158418
222.37365173682608
225.860853319257
234.37707909626485
226.79632894585578
218.89760274665102
214.4139003778838
197.73922171939637
191.05756665163673
178.05793505565575
171.42332681310404
172.04674180622897
166.06417991787157
144.77464103146377
148.92512503102512
140.90663180116
143.72416122705462
140.75571319447414
137.49228758975974
139.5208842998256
132.5005032121562
133.81814421480328
135.50780719638303
131.7674920460734
131.04119865361088
133.07892690928816
143.21367670395102
125.23444792899555
132.83224047636554
132.52005423854953
143.46488910857826
120.90374498002176
141.62662174698667
147.65251930411367
145.58143754657462
160.30937637006988
159.35233567082585
164.71631534559205
145.9243152916387
163.43633540675395
182.99837558924136
174.22243573791718
176.27251575210798
181.81561553164786
195.11073497687602
188.2158739886341
193.53303246826374
213.35221031760412
222.05040743898925
222.39462373524566
222.16385910968984
220.4441134661258
231.21738670884247
224.57967874261152
229.6519894726847
247.63131880479156
251.5536666451369
259.2100329003985
265.4684174777247
263.383820284732
261.5122412295027
264.84368022058266
260.1191371669787
276.7856119781565
274.33910456403845
282.8666148350008
295.84314270187195
309.1216880759297
317.70325086889943
321.85883099295154
333.8874283606992
327.1310428851963
334.92567447993497
337.4703230588438
340.9529885362852
345.1526708270533
349.29036984637213
348.5740855098929
346.9758177336922
334.80056643426985
333.2483315285467
326.1141129338624
314.9659105679734
322.53372434905094
322.99455419567886
310.70540002685135
311.73826176197116
315.0991393208475
311.6300326236937
306.5659415911257
319.2208661441594
330.3548062042092
334.0417616930855
334.5787325329933
338.85871864652944
344.72471995668127
361.28573638682457
381.9417678607212
404.07881430251757
420.4868756367426
419.9899517883057
442.4600426824948
455.3401482449748
481.71126840178505
493.1834030793383
514.4955522044178
541.3987157041765
564.0708935061342
588.9130855381765
610.4672917285524
630.7075120058727
652.4847462991083
672.0129945375883
701.4742566509977
724.4945325693767
736.4888222231176
760.0461255429641
772.166442460009
807.3187729056924
835.5261168118003
847.2634741104625
873.9208447341513
891.0682286156789
910.0356256881968
904.4430358851935
898.4704591404925
893.7478953882515
886.4053445629601
866.3328065994375
855.1502814328325
854.4277689986203
825.1652692326018
810.3187820709013
805.8403074499654
802.1748453065611
790.2023955777743
765.0429582010077
755.2255331139801
762.0431202547243
750.4227195615853
739.4693309732194
750.1389544285914
756.0665898669748
763.3302372279488
771.6128964513972
753.6445674775072
764.0732502467673
780.2969446999663
777.8586507781913
800.8283684228268
807.6940975755524
816.4178381783423
850.3255901734628
868.6633535034717
887.941128111216
929.1589139398312
967.2667109327396
993.0545190336483
1065.6223381865489
1128.1501683357146
1173.7580094257007
1260.3658614013407
1336.3837242077473
1419.5015977903097
1528.8394820946921
1631.9173770668333
1739.275282652944
1858.8931987995068
1968.4511254532733
2063.939062561265
2130.0170100707687
2186.424967929338
2228.4029360847912
2262.370914485209
2272.928903078935
2251.9369018145717
2207.144910640982
2144.1429295072858
2090.1709583628603
1992.3089971573374
1913.8070458406035
1843.2751043627973
1749.9831726743084
1645.481250725778
1534.3493384680944
1480.1274358523951
1397.205542830063
1330.6136593527265
1264.0917853722576
1207.459920840772
1145.8080657106248
1090.1262199344135
1034.9443834649735
989.7425562553778
948.810738258937
903.8789294291964
857.9371297199353
835.5353390851669
773.7415574791355
765.7377848563166
727.8990211714149
707.9352663793636
675.6795204353233
641.1307832946806
603.882054913047
569.1183352462576
549.7506242503707
523.2169218816658
483.686228096643
456.0315428520215
440.11586610473904
409.96319781195024
394.96453793102586
362.35688641955176
336.35624323532727
330.28660833636496
310.07498168088875
295.3663632273334
273.08075293434314
254.29615076077084
246.4125566656768
232.1769706083276
229.58539254819541
201.39582244495668
211.55626025849114
195.59970594888085
196.76815947640915
185.4146208015596
178.77208988501508
181.67856668765663
150.9110511705626
159.44354329500752
160.3560430224613
149.81955031458804
153.2130651332451
138.9065874404823
135.07511719854062
132.90465436985164
127.33619891703617
135.42975080290367
126.71930999045098
123.63687644286162
119.45645012350467
120.96603099593396
126.68661902388706
116.95121417128442
106.31381640222834
114.56042568100222
105.06804197206945
121.58566524007267
109.32129544983279
108.56193256634808
111.6495765547933
104.16922738051882
111.6968850090497
104.59754940608485
95.99922053749611
102.52889836932745
104.45858286779398
92.7442739992812
99.98497173034411
101.98667602770635
102.45338685825932
81.17810418906136
100.98282798733692
91.14855822047572
90.25829485603191
88.09603786172319
84.13978720543011
91.24254285519511
94.6703047792218
81.84807294587408
79.02184732367542
86.11462788130795
95.16941458761175
91.37920741158398
92.47000632237813
90.54081128930324
91.57862228182307
80.53043926955543
92.05626222227122
86.03609110989382
82.77892590249823
81.35876657031037
90.70561308370627
79.71446541321133
90.4343235294996
86.94818740339291
86.69505700586029
85.30893230801716
92.43181328112452
97.58269989658832
84.24959212595867
91.15448994092912
86.873393313336
85.90830221515758
96.27021661851346
99.41913649566379
101.45306181900864
82.76099256108719
86.73592869457711
88.54087019229384
89.85181702718988
99.91476917235408
100.15772660101103
82.75468928652033
89.90565720237585
99.39963032220517
99.9766086197688
82.46159206895956
95.89658064380195
89.4435743184514
99.56257306719365
85.95957686444416
97.83858568474729
103.33159950277584
89.67061829333029
88.47464203133815
105.7816706918534
88.58970425005576
86.96574268125012
106.69078596086588
102.80883406445635
94.20488696769807
97.92194464639026
91.81900707645411
93.69007423393231
100.57914609498827
104.22322263590561
97.48030383308755
87.98738966305626
110.13848010245232
100.99657512803407
106.22767471667706
114.50277884537341
116.16888749123129
111.80000063147425
102.82311824344072
101.96924030458338
121.06336679246859
113.03549768477582
114.5806329592971
108.94177259393648
123.39591656670932
116.13906485574192
117.44521743927082
130.02737429564232
127.4365354033119
125.63370074084366
122.84887028690981
132.66904402029007
132.29822191987117
132.85540396464629
140.95659013371454
148.41578040628042
159.27997476165328
160.31417317924678
154.6913756385784
158.48058211926892
162.75979260104177
181.29000706372275
188.83622548723935
190.8744478516202
194.86467413699472
207.02390432359246
215.25413839174269
216.6403763218738
218.92261809451296
219.72786369028546
234.5811130899143
248.6453662742197
263.37362322411855
261.506883920624
251.76514834484487
266.6464164779853
271.5666883013442
271.1729637963147
271.26824294438387
255.56352572713203
254.91881212623238
257.56010212345063
245.8393957006442
242.21969283976227
240.3939935228449
238.11229773202268
237.23760544951634
234.48291665763625
239.289231338782
226.94054947544188
225.48087105019252
222.44019604569834
227.97852444471127
211.3928562300701
217.95319138470023
237.87552989161313
235.22087173390588
240.17421689476083
238.1435653574452
239.33191710531045
237.08927212179202
240.997630390409
241.61599189476337
232.71735661853995
234.51572454550572
238.25809565950962
235.19446994448197
244.07184738443408
246.4122279634579
245.51161166572567
248.39299847548932
259.4243883770802
260.22578135490886
262.19217739346414
258.0965764773133
284.59897859110134
286.9783837195508
297.220791847461
294.8632029597082
295.65961704124464
303.7810340770987
305.38645405237406
315.3368769522496
322.2963027619789
327.5407314668899
350.15816305238445
357.9905975039382
362.7820348070998
378.80147494749093
395.9099179108057
382.59436368281035
412.80781224934293
431.9672635963128
445.49471770970064
447.5671745755574
451.8876341800047
480.18109650923395
481.73256154950633
495.4540292871522
513.5064997085709
523.5309728002302
524.5294485486663
516.0009269404832
541.7674079623523
532.0008916010127
549.9143778432696
550.4098666759954
561.6293580861285
553.347852060673
570.8643485866984
563.5988476513401
563.5373492417974
579.556853345335
575.0243599492813
570.8658690410288
586.5353806080334
602.0128946378145
604.236411117954
630.6559300360973
637.4594513799508
653.424975137284
677.1965012959276
702.1850298437737
717.7885607687755
722.4750940589468
767.7896297023619
783.8941676871555
834.8727080015217
855.2022506337144
882.3017955720467
907.8613428048906
957.3908923206766
967.9004441078937
1022.7099981550889
1074.019554450867
1108.7591129838902
1160.0786737428775
1196.6182367166057
1245.3978018939074
1286.067369263672
1323.026938814844
1376.746510536425
1405.4160844174708
1455.4456604470934
1488.0852386144588
1502.2448189087886
1539.524401319358
1568.8839858354963
1594.9135724465873
1600.123161142067
1631.1127519114264
1615.1423447442078
1615.5019396300079
1580.211536558474
1571.3311355193073
1570.10073650226
1544.1903394971362
1510.6299444937908
1480.1195514821313
1423.3891604521148
1434.7587713937496
1412.3183842970939
1375.7679991522568
1359.3976159493966
1329.6872346787218
1314.3968553304892
1321.3564778950063
1334.046102362628
1340.555728723759
1328.4353569688517
1335.0949870884062
1319.6246190729717
1366.3242529131444
1342.323888599568
1369.623526122933
1398.5831654739775
1441.452806643486
1471.372449622289
1477.752094401264
1492.6917409713344
1526.4913893234686
1559.7910394486814
1585.9606913380328
1605.380344982627
1638.3900003736144
1617.609657502189
1654.5593163595897
1656.2489769370993
1688.2486392260446
1659.4383032177966
1664.6479689037687
1652.207636275419
1644.4073053242475
1639.9169760417976
1644.1666484196555
1591.7663224494495
1604.7359981228503
1593.03567543157
1594.8453543673638
1573.2550349220273
1547.5447170873977
1546.5744008553534
1549.3540862178143
1536.8137731667402
1542.843461694132
1545.8731517920305
1532.8728434525174
1564.1725366677135
1522.6522314297797
1521.111927730916
1509.721625563363
1489.0613249193984
1479.721025791341
1450.0807281715465
1444.5904320524105
1419.070137426366
1368.189844285885
1354.5395526234763
1315.4492624316879
1286.8789737031038
1269.8986864303472
1228.9984006060768
1183.9581162229895
1156.077833273818
1130.6875517513329
1088.30727164834
1044.9769929576823
1023.0267156722383
980.7064397849228
936.4161652886861
908.7658921765141
859.3656204414281
811.1403500764843
804.2180810747745
783.092813429425
763.1035471335966
729.5302821804847
684.8330185633192
662.263756275364
652.3034953099168
634.9332356603095
607.8349773199071
594.5507202821086
576.5224645403457
556.7412100880838
545.4459569188208
529.8827050260877
514.129454403448
507.9812050444974
497.8019569428643
478.4307100922091
458.76546448622406
449.4482201186333
446.5049769831926
434.4567350736892
425.1794943839417
414.2422549077998
413.2150166391444
399.1827795718869
383.7295436999697
383.8733090173658
372.82407551807825
361.4658431961406
338.61461204561647
343.55938206059926
338.82615323521236
327.0779255636086
321.8866990399704
312.6564736585095
310.0232494134668
305.7210262991123
293.5718043097448
300.1335834396918
300.2323636833097
289.475145034983
283.33692748912466
267.60471104017597
261.9114956826059
278.1062814109116
274.9700682196179
258.2558561032771
261.1646450564691
246.6534350738012
255.15522614990772
246.5510182794501
245.41381145711674
246.05860567762275
247.43240093570995
235.80219722614666
243.00599454372755
227.60279288327357
222.19759223963172
210.49939260767513
215.70519398230257
208.06999635843871
199.38479973103372
209.43760409506328
213.28240944552834
205.9702157774551
203.4820230858949
200.8598313659239
188.89864061264316
197.19645082117847
202.15926198668015
188.95507410432293
193.104887169306
193.91170117685263
193.77251612221028
198.79833200065028
185.39214880746783
180.40896653798188
185.82778518753503
188.97960475149318
184.54742522524583
178.24724660420557
177.50906888380814
