1031.5082598475951
1040.601227897563
1037.0141888313583
1031.7241395168946
1036.0980768270076
1030.374997639448
1036.6208988368737
1032.1927773068414
1020.3066299417997
1023.935453639081
1035.8492453008942
1021.1030018343168
1031.7177201512873
1031.5833971685968
1034.509029807883
1043.3116149956213
1050.3991496631172
1048.6466307464998
1047.7670551867132
1051.8984199295087
1064.0217219254384
1071.8889581298467
1076.3291255028635
1073.7612210093957
1095.0722416191204
1098.3491843064778
1092.7810460506623
1092.1948238356167
1109.5405146500234
1101.600115487298
1109.2846233455807
1096.1560352277302
1098.9413481413148
1095.577559098607
1095.5786651165736
1094.5666632168707
1088.2405504258347
1088.1323237744755
1088.4959802984697
1073.961517038152
1067.168931038509
1062.757219349172
1061.5833790244078
1065.6194071231141
1063.8043007088108
1047.9820568496323
1048.4056726183214
1048.506145092221
1041.2794713532676
1044.0436484879838
1029.4136735874713
1026.5225437474032
1033.2712560680172
1020.9418076541086
1013.2711956150229
1009.6184170646483
1002.1544691214092
991.279348908259
984.091053552672
969.7465801866379
970.3949259466533
967.4840879737155
951.0380634133153
946.4918494154292
945.4174431345132
945.1118417294952
926.2150423637689
923.0900422051853
917.5878384260471
906.0694282031008
914.76680871753
904.3829771549485
896.5239307053936
893.5326665633183
889.2781819275856
886.7874740014599
888.140539992602
884.2193771130605
881.8679825792664
858.6503536120246
870.6014874365085
876.2603812822524
867.3360323831444
854.9724379774206
856.0665953076567
851.569501620763
850.3321541679761
843.7595502048526
843.3836869912627
843.4535617913829
839.9151718736894
830.1005145109511
830.740586980224
828.4593865628424
833.190910544414
833.473156214813
832.7221208681717
812.4728018028763
817.5521963215581
815.5543017310878
813.8111153425692
814.6266344713315
803.7948564369236
811.822778563107
818.1433981778491
809.0717126133169
804.1907192058702
805.0094152960553
805.573798228598
803.996865352397
793.245614020518
797.9820415901866
793.7381454227815
785.2719228838288
787.299371342995
792.5414881740801
799.674270755012
787.7887164678395
784.3848226987255
786.4685868379414
781.7700062798596
777.7580784229478
779.6478006697629
765.5771704269431
776.2531851052032
768.999842119327
769.4171388881612
764.5010728346095
771.1246413856259
773.5078419722078
774.7256720293904
766.8941289962404
767.0242103158489
760.7159134353257
756.7162358057928
757.9861748823782
755.4427281242092
766.259892994407
754.7136669600793
758.8740474923147
758.9030320661766
765.7496181606964
759.2558032588676
751.2405848476395
756.5229604179112
754.788927464525
761.1584834862605
752.021625985828
753.353352469863
752.5806604489196
748.6495474374642
745.3380109538698
744.8070485204095
736.9566576632503
737.8958359124476
747.5855808019382
744.459889869535
739.5097606569203
739.3541907096401
736.8591775770979
743.1817188125486
730.3088119730926
735.3514546196695
740.0966443170523
725.4923786338416
733.0776551424583
727.1564714191397
723.0228250439318
719.7337136006838
732.6921346770428
724.7610858644464
722.9385647581181
721.2415689570608
727.5240960640509
726.9871436856322
728.0647094321102
725.4267909175462
720.5303857597513
724.6184915802805
715.0391060044269
706.9372266612157
717.3418511833984
713.679977207447
714.4066023735481
717.1667243255974
714.3153407111928
715.1624491816297
716.668047391895
710.980133000661
709.0467036702796
706.7007570667765
710.238290859846
700.3293027228442
713.3087903327845
709.0667513703306
706.6021835197919
703.9640844691166
708.998451909887
705.7542835373134
711.2435770502284
712.290330151081
710.5735405459309
720.7162059444438
721.3113240598844
721.0708926091113
727.3909093125717
725.4393718942949
736.829278081888
729.3326256065286
751.6404122029606
745.692635609488
749.214293567969
750.5013838238112
763.2949041259656
769.9418522269208
790.0672258826975
803.9570228528437
813.404240900428
825.7758777920351
844.9879312977592
851.4143991912
838.6112792494553
849.8575692531173
827.9532669862658
812.4523702364635
801.2758767947499
774.7717844556366
759.6780910171015
739.3197942805825
728.2668920509735
718.6373821366184
700.6792623493052
696.7855305042609
703.6251844201466
687.7472219190514
697.7736408264874
696.317438971384
683.7876141860829
685.2921643063327
691.162087171283
689.7003806234799
679.8480425088597
687.2100706767449
680.1964629798374
689.7262172742142
693.2313314193215
691.8608032779698
702.7496307163289
702.1168116039213
700.6823438136189
701.6722252216356
703.0484537075239
698.8160271541685
701.6979434477817
709.1182004778976
697.6107961373674
676.751728322354
667.4669949323264
673.6485938700553
661.4855230416074
659.6637803563399
643.9233637268965
634.3952710692005
636.8985003024513
637.5390493491186
621.6159161349368
618.8050985889004
620.4305946432589
614.5654022335116
614.0015192984022
608.7099437799142
607.5196736232652
603.0447067769027
600.6090411924981
602.934674824942
594.5706056323395
593.6798315760043
590.7823506204546
590.1441607334077
592.0082598857745
583.701646051655
582.8453172083335
586.4002713362729
582.9055064191105
585.4930204436519
579.5488113998673
570.743877280886
576.2702160829907
574.1298258056138
573.3067044513318
568.9908500258603
569.5132605380489
561.9839339998775
558.1028684264492
556.5270618359874
565.7685122498301
559.2532176924249
562.4201761913241
559.0493857771804
554.871844483741
555.5455503478439
547.4265014094121
555.8406957114494
561.890131300035
551.0428062243191
550.1237185365178
545.8978662919088
540.1542475488259
540.5628603686542
534.1707028158262
541.778772957816
541.336068865135
540.1445886113271
539.1363302729638
542.0692919296399
538.1594716639678
544.1478675615737
543.8434777110923
531.5413002041626
538.0623331354224
528.3405746025045
535.222022706031
521.4686755496097
529.2045312398284
522.7695878862509
531.6918436014118
523.0192965008126
523.273944702916
527.290786329142
519.8258195038632
524.1460423543998
529.8784530110153
525.5550496069117
528.2178302782248
524.8507931640198
527.621936406287
534.250258149936
530.4287565427927
524.6434297355935
516.9532758819811
520.0962931385004
524.6114796645935
529.1978336225947
522.7453531777268
527.8690364980962
524.4938817546883
516.3118871213632
515.4860507748507
522.0333708947466
519.2698456635071
513.4944732664453
523.6852518917265
518.242179730363
510.26725497621055
512.9054758259635
518.8488404791505
516.959347138129
514.9879940080831
520.5897792970163
507.29970121574956
508.180757977915
506.5389477999527
505.5732689011058
506.19271950341584
510.4622978317191
506.1320021136415
519.2688305795945
520.4767814627706
514.4568529991395
509.94804342744294
515.9663509891907
509.0577739286566
508.1953104928734
514.1889589316291
510.65071749746244
513.8365844456584
513.3945580342443
512.0696365239847
510.129818178378
518.1481012636518
512.4694840487582
517.9399648053702
519.8925418078768
516.5302133333795
523.6139776616869
524.6998330753119
524.891777859466
518.127810302056
513.0219286936795
519.1561313276206
520.4854164998459
523.6907825089996
522.3812276564006
523.6867502460369
526.3433485845621
522.1780209812914
521.6587657481971
525.685581199904
529.6554656536861
533.3714174294622
530.0494348497909
535.3245162398681
523.378659927521
523.322864243205
534.8171275200001
539.5334480936053
543.7818243023356
538.6332544871175
545.236736991485
543.0922701615755
553.6448523461256
552.3224818964671
559.924157166523
548.349876512803
564.8896382944001
571.8584408729862
556.268282612808
559.0801618806828
573.9880770459949
571.7780264806914
584.024008559278
590.1960216588147
593.003064158913
610.1141344417305
600.3112308919673
609.9333518968625
601.5914958461899
625.9356611322539
637.7798461498855
649.4900492964385
651.5082689717857
672.3155035783143
677.1047515209227
680.4080112070161
700.4992810465026
726.2955594517894
731.5058448377789
749.5941356218647
769.4624302239276
809.9337270663318
812.5460245739209
847.8063211740142
864.0616152964026
894.0259053733446
920.2101898395631
956.7664671322407
987.9767356910162
1016.3939939579807
1037.559240377674
1080.7834733970803
1151.6206914656245
1159.5468930351685
1179.1270765600077
1211.2322404968663
1283.5253833048941
1320.5345034456625
1384.1745993831607
1418.3356695837927
1446.0877125163713
1509.5907266521172
1544.9547104646529
1609.13966243
1673.8655810265755
1706.1524647351878
1778.4003120390323
1805.4591214236889
1861.3588913771173
1933.1096203896536
1977.8613069540072
2038.693949565255
2116.85754672084
2158.5720969205677
2239.757598666599
2309.48405046345
2365.2314508179884
2415.7597982394263
2456.6590912393203
2539.1893283315667
2522.540508032395
2566.9126288603698
2631.335689336381
2643.5796879836457
2681.4946233276996
2691.810493896398
2753.767298219909
2793.5550348307097
2832.313702263584
2851.8232990556207
2865.0338237462047
2867.2952748770185
2892.237650992035
2878.370950637518
2923.995172362013
2983.240314716348
2992.95637625363
3029.6533555292367
3103.9912511008197
3126.4700615282945
3216.1797853738426
3327.400421201903
3441.3119675791722
3537.7344230745985
3642.2477862593796
3816.2120557069593
3957.277229993023
4185.733307695494
4335.560287394532
4503.6181676725255
4746.576947114095
4968.866624306082
5206.88719783755
5446.6986662997815
5715.41102828627
5972.474282392724
6203.488427217052
6425.273461359374
6621.319383422005
6768.836192009457
6806.223885728439
6784.742463187844
6733.391922998756
6533.15226377444
6270.24348413034
6024.385582684078
5765.778558055446
5464.732408866406
5189.477133741088
4946.532731305782
4702.599200188936
4449.746539021156
4227.2247464352
4020.653821065974
3840.583761550529
3641.804566528059
3469.9862346398954
3321.9587645295064
3194.832154842492
3085.43640422658
2951.3515113316244
2892.7274748095997
2818.1342933146
2742.241965502836
2698.4604900326276
2674.059865564405
2675.010090760703
2663.40116428616
2703.413084807511
2743.4758509935873
2800.639461515313
2877.2139150456997
2952.869210259845
3043.32534583493
3170.2023204502125
3286.1201327870285
3386.7787815287847
3468.8582653609565
3563.778582971088
3618.819733048783
3621.811714285707
3580.55452537558
3506.5581650141767
3419.16263189932
3308.7479247308793
3141.1540422107696
3029.380983042943
2924.158745933391
2763.7273295901373
2647.1367327232365
2578.576954044771
2501.7079922688463
2450.1598461115905
2437.3025142911474
2407.2159955276766
2412.3702885433495
2402.4553920623453
2405.4113048108484
2484.828025517045
2529.28555291112
2561.0138857252537
2640.0030226936206
2677.1529625523826
2757.7237040396903
2904.275245895674
3019.477586862447
3148.1807256840975
3313.664661106691
3505.6993918782587
3606.084916748803
3793.7212344702907
4006.9683437966482
4232.336243483762
4452.474932289472
4703.5244089735725
4935.764672297807
5232.045721025862
5501.627553923369
5757.640169757902
5979.323567298968
6264.857745318009
6526.912702588398
6811.638437885438
7080.014949986353
7347.552237670292
7638.410299718319
7843.3991349134185
8119.568742040483
8348.489119886319
8514.950267239637
8729.032182891051
8846.654865633078
9007.648314260128
9108.042527568516
9167.627504356435
9185.403243423974
9207.09974357311
9190.267003607702
9083.435022333482
8943.913798558067
8767.363331090946
8641.023618743478
8421.124660328887
8117.98645466227
7822.569000560578
7535.542296842627
7315.896342329087
6972.371135842482
6651.816676207185
6346.48296224942
5986.019992797253
5598.857766680593
5282.516282731187
4959.495539782619
4629.375536670307
4306.506272231496
4015.887745305263
3733.489954732505
3473.4328993559443
3252.57657802012
2966.1009895713883
2743.9161328579166
2568.142006729686
2380.1786100384807
2200.0259416378935
2070.454000383316
1936.9427851319401
1821.7622947427537
1700.5625280765375
1598.5234839958634
1521.06516136509
1450.4075590503612
1374.5306759196028
1308.3845108425198
1249.899062690594
1205.5243303370803
1160.9603126570046
1122.8070085271606
1084.9594168261078
1076.0255364341683
1044.286366233423
1016.4789051077103
1023.6971519426232
1031.0921056255056
1002.0217650454504
1022.787129093296
1008.9491966616243
1009.085966644758
1020.2404379387567
1022.0866094414157
1041.3944800522625
1045.8200486725534
1059.0133142052728
1086.2222755551281
1099.8789316285483
1117.248281333682
1155.3083235803924
1160.769057280257
1172.2504813465632
1173.1425946943073
1242.2353962401899
1257.3388849026146
1286.7230596016843
1348.6879192592003
1375.8834627986573
1380.3196891452421
1410.2265972258315
1410.2241859689873
1465.022454304957
1542.8614011656682
1531.9110254847274
1604.721326197417
1641.8923022406934
1701.1139525531826
1765.2062760751794
1801.6192717486442
1857.2229385171997
1911.0972753261294
2028.5822811223738
2110.127954854529
2195.9342954728436
2281.7813019292153
2363.23897317719
2503.047308171957
2573.206305870349
2710.305965230837
2824.54628521353
2964.3172647801707
3123.3789028941337
3286.751198520422
3468.504150625667
3653.547758178123
3814.1420201476653
4033.7869355057896
4253.562503225607
4491.548722281843
4781.955591650834
4979.443110310525
5205.561277240469
5552.870091421821
5809.369551837338
6061.719657471374
6299.450407309884
6549.661800340411
6735.4838355520915
6935.0165119356525
7062.599828483404
7199.313784189242
7296.498378048644
7309.353609058664
7337.309476217934
7313.20597852666
7250.083114986617
7175.390884601153
7065.969286375177
6903.9983193151675
6727.58798242916
6654.708274726751
6541.799195219094
6377.440742918896
6197.512916840415
6033.575715999458
5856.929139413382
5655.033186101084
5538.237855083004
5366.213145381126
5241.189056018964
5067.145586021572
4855.5127344155335
4717.380500228965
4551.848882491504
4417.777880234321
4286.677492490105
4071.357718293064
3947.9585566789265
3819.0900066849354
3758.8820673498476
3608.0047377139294
3517.0080168189556
3462.0919037082085
3368.426397426472
3290.561497020032
3188.797201536675
3174.063510025681
3102.060421537826
3031.2979351253775
2961.5260498420935
2860.3247647432163
2842.434078885477
2810.9839913270853
2745.2845011277336
2688.555607348591
2609.5373090523026
2562.4196053029873
2485.982495166232
2435.3959777090968
2376.750052000103
2307.5947171092403
2258.469972107957
2186.095816069162
2132.622248067221
2073.5892671779543
1998.2468724786354
1950.8350630479872
1915.2438379661805
1859.7631963148324
1847.593137177003
1795.773659637193
1770.084762781343
1749.316445696829
1712.2887074724622
1694.5415471984854
1647.5349639665717
1639.7989568698208
1606.2935250027588
1566.978667461334
1557.0943833429164
1515.4806717462939
1505.0475317716707
1458.8549625206658
1435.43296309631
1419.0215326030434
1380.0506701467134
1330.8703748345736
1307.00064577528
1272.6014820788896
1251.622882856858
1217.0748472220373
1175.827374288674
1135.390463172407
1115.874112990264
1084.7683228606616
1045.553091903401
1000.2684192396678
977.3033039920275
941.0857452844258
919.2497422421844
888.818293992
848.171399661942
827.1210583814499
803.6852692813311
768.5610314937599
766.2423441522736
739.371206391772
711.670617348514
699.9125761601165
690.246081965551
669.9631339051427
661.8307311205683
647.5888727548528
629.6185579523681
606.3867858588311
587.3815556213012
585.2938663881787
576.4287173092015
561.5641075354445
549.6130362193165
552.4495025145585
539.0385055762414
519.888044560764
520.7501186258513
510.56972693055155
503.93786863523496
497.38154290159116
473.9497488926277
480.835485772667
484.3817527073452
474.8645488636098
464.92187340971736
460.90772551523173
453.24010435102184
451.4160090892599
454.18943890341905
443.0073929682713
439.5168704598857
435.9118705556265
427.6883924341503
423.44143527540496
416.07399826062704
413.84808057234
412.6346813943518
406.5477999117534
397.7354353109164
404.9525867794911
412.38025350640476
392.42143468185907
390.01912949732855
395.0023371455582
393.8990568205622
391.115287717621
395.4630290332801
393.5952799653475
388.283039712892
387.3543074762413
389.11508245697974
382.93036385794653
390.2561508832338
384.1144427381845
378.7892386293905
377.3285377646905
379.5163393531684
382.0986426051511
372.8664467322063
357.8387509471412
357.3735544639999
360.6978564980619
361.16165626584007
354.52395298507827
349.8197458747502
340.8320341550567
348.1938170474246
345.96809377450387
342.1708635601666
325.70412562950435
327.93387920882674
326.5511235256593
330.2858578087417
322.42808128802557
328.43879319467294
326.910992761054
319.06667922074564
325.44885180852896
325.2495097603879
318.07865231350723
318.6092787062704
319.33338817825796
321.88397997024543
315.3100533242019
325.83260748328723
323.0836416918513
318.45515519543136
326.4301472407504
317.88461707571525
317.9255639494149
313.09498711211836
314.4298858152731
306.9462593115028
330.81810685460596
316.66342769955384
321.9542211024883
333.1754863207207
326.8182226127294
322.5294292381583
336.1911054578145
320.8092505336674
329.25486372884586
344.7149443076371
343.06749153548446
341.81350467898585
358.67698300589166
352.5919257851033
353.9723322866711
363.23420178179254
369.7825335428107
381.9133268432121
369.85258095762515
377.7952951618182
355.20346873269796
365.6191009483075
380.43219108782455
374.87973843155976
375.1977422609547
390.4972018585805
379.3691165081356
386.0314854944444
385.92830810345515
387.83858362223833
380.9103113389851
379.48649054300495
383.0861205247246
379.06920057568595
371.05472998854424
368.7357080570664
367.1611340761293
371.3870073417182
360.1303271509245
366.7300928019445
358.7223035940775
351.29795882772396
350.8360578043838
355.055599826655
343.8595841982313
335.7460102239009
338.4768772095447
326.39918446213426
331.60193128973066
339.4291170014822
320.95674090762304
325.5658023194714
320.61230054942786
317.6412349109736
314.65160471866875
312.27540928815097
314.94364793613306
309.764319980402
312.2364247398168
314.5949615343071
310.18092968487133
311.858328513575
312.34715734354904
302.0734154989884
307.42310230515
307.91321708835113
293.52075917596795
306.64572789643387
300.4431225792374
295.40194255492133
294.62718715508015
289.4338557123591
292.29494756045216
286.40946203410056
286.127398469091
279.03275620225423
274.118534571463
281.6287329156309
269.1453505747105
258.0723868896916
267.8388412025997
271.05871285649465
263.0250011954686
268.5807055646444
262.8788253101744
255.44335977923845
260.82830832004237
258.55967028181635
254.05644501481333
252.06863187030763
251.55223020059282
256.2292393589806
254.12065869979904
262.21648757839097
257.01372535111227
248.3633713753305
254.6944250094232
261.56188561277634
260.8407525457825
249.82602516983974
261.2217028473497
264.19278494171596
260.76127081734273
267.4181598396331
266.3754513749877
261.09514479080246
258.57323945546807
258.73673473836755
255.8846300098752
259.69992464135476
259.9496180051579
257.89570947462295
261.3641984240729
251.22108422881422
257.633366265135
251.42004391030378
258.25611654256767
254.73958354115098
261.1454442862537
267.60169815904993
265.4483445416862
270.06038281728013
271.6718123699191
266.21563258465807
284.42084284751877
278.5164425454878
280.52843106651517
272.33480779951276
282.134572134353
272.5497234618671
284.53226117384366
277.91118466302726
280.79649332311675
282.032186548764
288.83426373557216
284.6167242800943
281.09056757983177
295.52679303323316
276.1184000396921
285.01138799954634
295.0387563140762
290.96450438550266
302.6316316169864
298.4111374126261
297.72902117745696
309.5112823174493
306.4999202395069
309.57693435146564
310.14932406209243
314.76808878108295
321.9932279190608
324.04374088757595
318.02762709910314
317.03488596704034
326.6815169057076
325.4905193303455
334.0028926571134
337.4806363030886
328.99974968626424
325.30623222554823
340.55808334076187
334.62630245263813
350.92988898282044
343.1798423538614
353.73216198922063
347.7348473132645
353.0808977512635
364.4943127293917
368.94609167472504
379.4852340152397
386.9827391798111
385.67160659821195
401.22683570111144
397.1694259200734
408.9403766875551
409.86268743690573
412.800357602365
404.02838661906185
400.69377392301317
432.6135189511218
431.616621141176
421.93907993184735
442.4948947626897
437.23206507413784
439.91759030750575
436.3514699049857
442.8047033096464
431.9272899654322
455.95022931716085
434.6365208105233
446.3441638920809
427.5501580092656
423.64750261037716
429.2741971445828
413.30424106191515
428.5456338132714
422.8283748504118
421.4704636259579
412.0948995933919
406.7226822070546
414.77481092214475
405.0172851947169
387.5651044816808
396.7642682407996
397.50677593068866
401.4446270108143
389.79882094149235
391.23135718388664
387.082235200008
385.22145445271275
383.5360144057015
391.28491452351756
408.2131542715458
391.44973311601166
366.7576505239789
387.6619059633492
377.21149890286057
377.49042881208584
382.4776951614314
397.3752974221362
376.55323506626996
384.2925075667323
385.26111439725116
378.67605503238156
370.9313289475044
379.2229356188252
375.32587452337236
378.5701451389965
365.4467469443688
369.23667941897963
347.81494204313765
374.624534297968
381.6274556654117
371.03470562822355
377.0402836699715
376.66318927503517
393.87342192860433
385.8949811166782
403.50686632606346
405.6450770443735
413.57161276002705
420.6824729622467
441.8386571410581
419.4071647872879
437.41199539256354
449.19714844931093
453.39862345075414
460.7364198909134
476.8915372646044
484.38197506743643
489.60673279581187
490.46480994692445
503.760206018758
518.7149205100856
527.4229529204679
526.2403027502519
537.3399695005701
553.1089526733391
554.7622517712582
565.7738662978081
565.8797957572501
574.1610396546247
571.4055974957499
571.6464687872208
592.0936530364077
604.6111497514548
606.6569584412805
614.8380786155735
636.0645097847942
654.5282514601719
671.009303153704
685.3906643781551
681.3483346470555
712.7223134747
743.5436003761469
753.6781948672162
754.6450964644895
786.3683046853077
782.1518190477706
794.4606390707347
804.9387642738136
806.5061941773753
810.4589283025417
806.9489661711874
800.3153073059384
821.6529512301711
817.3988974680107
796.8621455443306
805.1536949847505
807.9705453156362
790.8446960640974
795.1551467579875
783.2088969259015
782.1199460971753
785.3382938018849
794.4109395708446
798.7868829356058
795.4511234284566
785.1336605824201
790.1284939312532
806.1016230094452
812.846047352218
805.6467664955228
791.4377799760409
777.6010873311816
764.8346880990811
749.1785818186014
726.2107680293296
700.7212462715761
689.6450160863736
668.6850770154768
643.2824286013599
622.4650703872165
599.3260019169581
563.9092227352129
557.1397323873248
537.2135304193525
517.4336163780678
501.3229898109549
488.1876502662093
482.5635972927365
461.56183044015097
446.932349258775
446.28215329963757
445.93224211447335
449.5356152557216
440.2372722765247
417.97621273072775
412.9804361728766
407.84994215821746
398.0457302426954
398.9267999829535
393.6541509363317
384.13278266086536
376.25469471528464
369.6698866590132
369.0093580521671
370.6321084555538
364.4571374306709
371.1874445397052
363.57002934553174
353.77489141171225
354.37903030249464
348.46944558281166
359.88113681827963
359.1931035751977
353.54534542054665
352.88886192198777
363.8856526478619
369.9277171671881
375.683055049663
374.91766586565944
364.95154918622535
358.23470458308304
370.4381316286276
374.1908298959266
377.48279895871815
383.2460383914106
380.053547769081
385.6953266674743
390.7213746630022
390.80869133274217
392.6002762544362
391.7201290064902
405.98224916797244
397.79663631861285
397.38429003880174
418.982209909589
416.4433955126831
423.59284643044947
420.6155622459105
422.23654254274345
432.15878690528007
434.6372949185053
444.1070661680566
440.8081002402222
443.1423967219409
445.9059552008007
449.79377526503754
463.0648565035345
454.7181985058209
448.9948008620713
459.7486631631041
460.829785000381
458.0471659660055
463.2648056527224
469.1347036539165
455.73285956361167
465.3412729764698
489.0669434877897
497.04087069350646
496.02805419019
512.4094935750445
512.4171884459071
514.5021384012467
532.5853430401637
534.8598019623884
558.8655147682801
557.8394810588264
588.6037004356417
601.8061725009668
608.6648968576673
647.5538731092333
662.6161008597779
672.2455797140366
695.6303092773655
734.7542891557418
726.1935189557615
768.1339982846386
789.8937267502049
826.3927039609084
863.6089295258124
890.8924030545946
910.1151241575465
956.5010924455713
1002.4943075301848
1029.0177690235123
1086.901476538289
1112.5354296878595
1156.4796280861751
1215.5340713477942
1249.1387590878812
1298.503690922205
1326.898866467138
1335.2242853396567
1316.2899471573387
1355.2258515383626
1350.7019981015073
1345.4983864661508
1319.2650162522696
1337.6218870804369
1318.3089985718223
1289.3163503481915
1306.4339420319038
1319.3617732459122
1299.8898436137629
1286.138152759593
1295.9867003081304
1326.1054858846933
1328.4945091151885
1290.0937696261103
1274.6732670445404
1277.5530009981471
1273.8129711151828
1273.173177024485
1270.9436183554744
1267.7142947381537
1276.4952058031072
1259.4563511815002
1289.3877305050773
1284.1293434061622
1292.9311895176559
1323.163268473037
1337.9955799063596
1358.9881234522531
1400.1208987459217
1441.4239054231416
1481.6471431202629
1540.2706114742061
1601.914310122463
1626.898238703095
1689.882396854732
1736.0467842165724
1756.4614004283812
1764.2062451304896
1739.2013179637943
1685.1266185697561
1678.0521465903998
1619.587901668312
1590.9238834466419
1551.0600915690986
1494.7065256799522
1447.533185424031
1367.530070446722
1324.5871803939692
1258.8245149122736
1193.442073648691
1107.9698562508322
1041.6678623668624
973.826091645499
891.7085437360117
825.8972182882217
762.9661149525001
716.9462333797677
694.5825732214942
632.7601341296967
591.8099157569392
580.4479177563319
565.6701397815302
512.5215814867338
499.67624252668577
477.7781225566719
457.2772212325197
444.38953821059755
426.7860731478141
402.6198257016169
388.7347955299922
386.28798229146344
376.2053856450909
357.5400052504708
342.60084076773427
325.99589185754644
333.56215818110593
324.27963940014376
313.6183351769227
303.80824517423605
293.85336905540737
286.08370648428917
282.08025712526234
271.7560206432352
278.3649967036428
261.99718497244595
261.4445851161303
246.96419680170595
240.97601969670603
246.2110534691865
240.79829778772478
229.81375232141926
237.26141673988838
233.98829071326978
228.70237391221957
223.46366600791146
222.7921666720359
212.50787557679945
202.3867923949237
212.0609167996447
220.78724846471204
213.532787064388
215.4945322734468
200.09048376717385
214.7626412213649
204.23200431232522
199.20957271686876
199.2793461123175
188.4563241765004
209.6475065877529
197.12389302491584
191.12748316733501
183.73927669485997
197.0412732878435
191.2494726271408
179.95487439410846
184.41047827060416
182.9622839389853
180.46929108210873
186.6444993833295
174.47890852650056
176.99951819597152
173.0123280765882
184.21533785369166
173.69554721311755
173.56595584119518
176.26356342474696
180.0963696510874
172.65337420802248
172.29157678384888
174.83497706735298
173.36857474781053
167.47436951498543
163.8523610591293
169.92254907098044
168.23793324176324
160.61251326318745
156.5272888274473
164.04025962722068
172.60842535566857
161.0057857064342
165.21234037364232
152.97208905189822
152.31103143628735
162.47716722237436
164.34749610620213
168.1620177842916
148.9257319536404
159.9586383117225
160.2367365564873
157.4310263863589
159.59650750023536
153.624179597488
152.86504237796055
146.2730955419686
155.02533879029858
156.14977182420728
160.74439434542103
162.9642060561348
155.93420665901175
145.66639585718224
158.03777335424326
158.18233885425758
153.11109206175317
144.35203268172228
143.8671604196209
157.24347498136783
158.9809760733441
149.72566340239223
161.54153667581545
162.69759560137697
158.3918398872994
162.40826924226383
149.41088337540918
151.11768199633158
156.88166481508344
157.80183154217298
161.81418188856338
160.64471556567204
158.7104322853699
163.0953317599808
170.6074137022807
165.77767782549682
165.61312384330722
162.74675146984
176.7255604196724
177.27655040783034
172.68672114978762
166.16007236146515
174.7256037592303
179.44231505989632
177.6872059807214
173.82527623940817
188.3185255541029
181.09095364339487
189.3855602263156
199.59934502233818
188.78730775137655
189.29144813378497
200.0957658903571
200.3432607423254
208.00993241136052
203.41878061957053
204.17380508950023
204.0610055441304
205.3203817068773
211.2369333015919
201.32166005255903
203.36356168449697
205.23263792255662
201.7458884923209
203.90031311980374
209.08091153145003
209.92568345413443
210.7016286151608
200.4227467422617
193.34603756359752
201.89050080775584
199.73513620375098
195.58994348102289
201.01692236943694
195.428072599283
196.73639390127482
195.90388600654939
193.5505486466662
201.40038155360668
208.33438445977347
202.27055709798978
208.7428992014987
215.3344105039626
206.67709073946241
207.75893964249707
204.3729569479827
205.74014239125194
206.31549570805362
202.82001663455173
198.44070490732497
203.951560263366
207.27758244008083
195.12177117528825
192.14712620721903
184.9936472745153
179.14033411623006
178.07318647182643
175.65320408117682
167.1773866845627
168.08873402267352
163.4692458366065
155.44492186786545
150.49576185836077
148.7567655504082
151.91393268672869
154.12026301044742
153.0027562650933
135.73041219459836
135.15323054329696
135.1502110559254
139.07735347762116
134.11665755392215
130.02212303076635
125.46474965449092
125.33153717183174
128.55348532992272
118.54759387629517
121.9178625588772
121.57929112599308
126.64587932636263
137.49962690910058
123.005533623716
127.6155992201116
129.29182344858313
128.92020605981878
117.4987468048987
115.47944543529407
126.88430170286676
120.28831535986865
120.95248615894093
121.38681385311358
125.15429819580466
125.47793894081988
129.5907358423518
129.2386886549793
124.90479713366705
114.64906103376471
120.52248011100656
118.80205412151064
121.7177828217784
129.16066596869393
120.68170331952344
114.06589463191459
116.09823966389595
124.1507381738764
128.15038992064447
126.0621946633678
125.21015216159256
121.9602621752428
121.80952446461988
136.1279387904019
130.17850491364305
123.89622259577314
133.65209159859677
127.57111168429304
131.8642826154148
128.61260415488798
126.0970760660112
129.1596981124551
129.42947005826164
140.20839166784373
137.22246270598447
139.38068293783664
131.00905212892218
131.01657004513143
136.92223645272279
140.14405111832195
134.2100138089213
131.26612429187963
132.0323823349212
134.62678770613536
141.06934017397595
151.3680395072607
148.06188547517073
149.89187784724987
159.0810163934041
157.24930088390113
163.57473108936966
171.1863067807989
168.05002772953796
175.6258937072953
184.97090448613824
200.3690598384922
203.12835953714043
210.36780335522315
210.70839106623714
223.6311224440352
239.30299726282556
241.70201529717127
253.97317632198968
258.7344801125519
289.08492644448233
290.0445150937578
306.8782458367075
329.4641184500118
335.2151327107023
344.5882883961611
355.19058528411983
349.4500231526598
357.51160178021087
360.6483209455512
362.34118042780665
358.89018000645024
365.96931946130144
352.948598572526
345.6720171206349
342.53557488648426
326.1672716512745
322.5781071965501
311.15008130419864
302.86219375645055
305.86544433587875
287.5338328253975
287.0253590082625
275.30502266807
279.30882358875647
261.3057615545978
248.10183635020888
240.7980477605434
249.27839557089266
247.97787956688563
239.81249953448824
237.99525526000255
233.12714653006674
209.48417313165413
218.093334852073
213.55063147896573
204.7010628003086
208.518628604411
199.7783286799151
208.31516281579522
214.01813080135733
205.12823242623853
192.74246748040662
208.3038357541593
207.56033703812403
217.08597112325725
223.64073780084394
224.33963686249712
229.9416681001573
224.63583130609206
243.77612627289528
248.45855279348706
249.38311066111265
264.45179966934256
280.4116196120715
274.1815702835182
277.59065147822486
286.0288629910564
278.37020461720033
270.3936761521659
265.8322773917838
249.08000813220576
242.32086816990358
229.24385730166918
222.53197532461377
223.07822203616735
217.01859723407836
195.65210071641314
199.72573228155537
191.63049172820556
194.37137885538058
191.32639346241325
187.98653534895172
189.938804314959
182.84220016071248
184.0837226868035
185.69737169413676
181.8811469839299
181.07904835771288
183.04107561732772
193.10022856492776
175.04550700297727
182.5679107342511
182.18043956183394
193.05009328912004
170.41387171981262
191.06177465792337
197.01280190777206
194.86695327398596
209.52022856149938
208.4886275755532
213.77815012169452
194.91179600577584
212.349565033955
231.8374570126943
222.98747174876027
224.96360904922324
230.43286872145666
243.65425057313666
236.6857544122418
241.92938004705223
261.67512728614963
270.2999959384163
270.57098581303507
270.26709671948856
268.4743284675589
279.17468086732714
272.46415372917284
277.4637468637734
295.3704600821041
299.2202931954369
306.80424601534077
312.99031835368055
310.8335100226168
308.88982083460536
312.14925060239693
307.35279913903616
323.9474662578618
321.42925177250595
329.88515549689356
342.790177245242
355.9973168320605
364.5075740721502
368.59194878060293
380.54944077280123
373.7220498644179
381.4457758714153
383.9196186100451
387.33157789684776
391.46065354865203
395.5278453825746
394.7411532160195
393.07257686667776
380.82711615252697
379.2047708918309
372.0005409031386
360.7824260052847
368.2804260173883
368.67154075885287
356.31277004936567
357.27611370889736
360.5675715577015
357.02914341631435
351.89582910555396
364.48162844652
375.5465412605936
379.16456736943627
379.63270659499005
383.84395875947666
389.6413236853972
406.133801195532
426.72139111293956
448.7900932609567
465.12990746319787
464.5648335435547
486.9668713261955
499.779020635565
526.0822812963839
537.4866531336485
558.7311359726297
585.5667296388734
608.1714339581995
632.9462487567018
654.4331738607473
674.6062090969757
696.3163542922997
715.7776092739035
745.1719738692432
768.1254479060459
780.0530312123095
803.5437236163024
815.5975249465625
850.6834350318978
878.8244537013846
890.4955807843686
917.086816110463
934.1681595095491
953.0696108117759
947.4111698475585
941.3728364475794
936.5846104427868
929.1764916643946
909.038479943882
897.790575112993
897.002777003736
867.6750854483838
852.7635002794723
848.2200213298008
844.4896484324315
832.452381420689
807.2282201281593
797.3461643886906
804.0992140363919
792.4143689056331
781.3966288310444
792.0019936475154
797.865463190196
805.0650372944946
813.2837157960785
795.2514985308733
805.6163853350623
821.7763760450865
819.2744704976437
842.1806685296885
848.9829699784318
857.6433746813401
891.4878824761355
909.7624932007953
928.9772066935514
970.1320227928894
1008.1769413375496
1033.901962166525
1106.4070851190622
1168.87231003466
1214.41763675307
1300.9630651142945
1376.918594958589
1459.9742261264587
1569.2499584586596
1672.2657917961988
1779.5617259803325
1899.1177608525666
2008.613896254656
2104.040132028605
2170.0564680166653
2226.4029040613364
2268.3194400053662
2302.2260756917494
2312.7228109637276
2291.6696456647874
2246.8165796386643
2183.7536127293365
2129.7207447810288
2031.7979756382103
1953.2353051455952
1882.6427331481411
1789.29025949105
1684.727884019766
1573.5356065799772
1519.2534270176136
1436.2713451788482
1369.6193609100944
1303.0374740580082
1246.3456844694858
1184.6339919916645
1128.8923964719218
1073.6508977578749
1028.3894956973804
987.3981901385342
942.4069809296711
896.4058679193638
873.9448509564234
812.0919298898983
804.0291045690747
766.1313748434748
746.108740562858
713.7942015772196
679.1867577367905
641.8794088920374
607.0571548936614
587.6309955925989
561.0389308400199
521.4499604873291
493.73708438616404
477.7633023883957
447.5526143461278
432.4960201116967
399.83051953767057
373.77211247684943
367.64479878226473
347.3755783071787
332.60945090508426
310.26641642970463
291.42447473499294
283.4836256751318
269.19086910453296
266.54220487783704
238.29563284991318
248.3991528758584
232.3857648109977
233.49746851088324
222.08726383129436
215.38815062823704
218.23812875794346
187.41419807687188
195.89035844170607
196.74660970935503
186.15395173695276
189.4913843818576
175.12890750165232
171.2415209541433
169.01522459736054
163.39101828955705
171.4289018892087
162.66287525501374
159.52493824589254
155.28909072098713
156.74333253966103
162.4086635614986
152.61808364630508
141.9255926541059
150.1171904451466
140.5698768798923
157.03265181902734
144.71351512345518
143.89946665429778
146.93250627289535
139.39763384080612
146.8708492198058
139.71715227188741
131.06454285926077
137.5400208443524
139.41558608980495
127.64723845847689
134.83397781344235
136.78180401799057
137.19471693562568
115.86571643006633
135.61680236524535
125.72897460530942
124.78523301461875
122.56957745774668
118.56000779947946
125.60952390481576
128.98412563896647
116.10881286735437
113.22958545561366
120.26944326958974
129.2713861753389
125.42841403912787
126.4665267274336
124.48472410694288
125.470006044552
114.3693724073665
125.84282306270072
119.77035787807759
116.46097672122818
114.98867946009145
124.28346596281398
113.24033609774952
123.9082897334587
120.3703267387088
120.06544698247325
118.62765033393148
125.69893666246853
130.79830583767463
117.4137577293451
124.26729220747974
119.9349091422828
118.91860840416247
129.22938986373057
132.32725339180237
134.31019885939602
115.56722613773255
119.49133509823524
121.24552561252955
122.50579755244269
132.5181507900032
132.7105851974409
115.25710064718629
122.35769701187043
131.80137416432456
132.32813197757974
114.76297032486661
128.14788907961506
121.64488811545387
131.71396730621044
118.06112652591047
129.89036564877762
135.33368454923328
121.62308310189616
120.37756118158204
137.63511866330344
120.39375542226932
118.72047133388475
138.39626627375063
134.46514011766334
125.81209274161458
129.48012402179077
123.32823383457303
125.15042205653674
131.9906885644513
135.58603323527967
128.79445594617835
119.2529565744967
141.355534997777
132.16519109375392
137.34792474035436
145.57473581569695
147.192624198092
142.77558976604098
133.75063239823635
132.84875197356124
151.89494837108907
143.81922147008336
145.3165711499974
139.62999729047388
154.0364997713447
146.73207847263058
147.99073327454082
160.52546405747302
157.8872707020127
156.03715308893305
153.20511109919474
162.97814461394537
162.56025351451947
163.070437682438
171.12469699940817
178.53703134732302
189.3544406082613
190.34192466448707
184.67248339844934
188.41511669278202
192.6478244303034
211.1316064940158
218.63146276710572
220.62339313294302
224.5673974750809
236.68047567725563
244.8646276233861
246.20485319757375
248.44115228410212
249.2005247674366
264.0079705322242
278.02648946329316
292.7090814456528
290.7967463644932
281.00948410518464
295.8452945532779
300.7201775945033
300.28113311477097
300.3311610001703
284.5812611369698
283.8914334116164
286.48767771073585
274.72199392113185
271.0573819297862
269.1868416238582
266.8603728906844
265.94097561777875
263.14164969283155
267.90339500370993
255.5102114384571
254.00609888529235
250.92105723261048
256.41508636898186
239.7851861831519
246.30135656404087
266.1795974007436
263.4809085825292
268.39028999884096
266.3157415392957
267.460263093684
265.17385455196927
269.0385158042883
269.61324674095016
260.67104725243655
262.42591722940114
266.1248565626696
263.0178651432391
271.8519428622781
274.1490896111262
273.2053052812937
276.0435897644614
287.0319429524803
287.7903647373715
289.7138550113257
285.5754136667031
312.035040596033
314.3717356920137
324.57149884751203
322.1713299555633
322.92522890937073
331.0041956023057
332.56722992790696
342.4753317798806
349.39250105209976
354.59473763860444
377.1700414336011
384.9604123314626
389.70985022672755
405.68735501410055
422.7539265884516
409.3965648448159
439.5682696783937
458.6860409845497
472.17187865881357
474.2027825968786
478.48175269460233
506.73378884800593
508.2438909532739
521.924058906754
539.9352926049569
549.9185919445557
550.8759568223863
542.3063871354464
568.0318827808954
558.2244436560551
576.0970696584079
576.5517606855976
587.730516635429
579.4083374058673
596.884222895038
589.5781730012271
589.47618762288
605.4552666586021
600.882410007158
596.6836175674712
612.3128892386242
627.7502249198584
629.9336245105729
656.3130879103259
663.0766150188322
679.0022057359653
702.7338599617553
727.6825775963902
743.2463585402141
747.8932026937281
793.1681099575896
809.2330802326122
860.1721134197654
880.4622094201741
907.5223681351188
933.0425894660353
982.5328733145138
993.0032195822998
1047.7736281712928
1099.0440989835467
1133.744631921269
1185.0252268868212
1221.525883782718
1270.266602511628
1310.8973829763718
1347.8182250799234
1401.499128725409
1430.130093816107
1480.121120255448
1512.7222079470143
1526.84335679454
1564.0845667019098
1593.4058375731602
1619.3971693124781
1624.568561824201
1655.520015012817
1639.5115287829642
1639.8331030394304
1604.5047376871532
1595.5864326312194
1594.3181877768654
1568.3700030294763
1534.7718782945853
1504.2238134778754
1447.4558084851767
1458.7878632224679
1436.3099775958747
1399.7221515116714
1383.3143848762786
1353.5666775962652
1338.2390295783453
1345.1614407293812
1357.8139109563806
1364.2864401664974
1352.1290282670323
1358.75167516543
1343.2443807692828
1389.9071449863266
1365.8699677244426
1393.1328488916574
1422.055788396142
1464.8887861462108
1494.7718420503234
1501.114956017083
1516.0181279552357
1549.7813577736722
1583.0446453814254
1609.177990687672
1628.5613936017305
1661.5348540330629
1640.7183718912727
1677.631947086106
1679.2855795274504
1711.2492691253353
1682.4030157899315
1687.5768194315508
1675.1006799606462
1667.2645972878113
1662.7385713237802
1666.9526019794275
1614.5166891657675
1627.4508327939548
1615.7150327752834
1617.4892890211863
1595.8636014432366
1570.1179699531456
1569.1123944627636
1571.8568748840798
1559.2814111292212
1565.276003110453
1568.2706507401786
1555.2353539309386
1586.5001125954118
1544.9449266464133
1543.3697959968954
1531.944720559948
1511.2497002487971
1501.874734976805
1472.19982465747
1466.6749692044266
1441.1201685314452
1390.2054225524314
1376.520731181426
1337.3960943326056
1308.7915119202808
1291.7769838588977
1250.8425100630357
1205.7680904474098
1177.8537249268684
1152.4294134163936
1110.0151558311013
1066.6509520862407
1044.6668020971945
1002.3127057794779
957.9886630487393
930.3046738207595
880.8707380114516
832.611855536861
825.656026313165
804.4972502566724
784.474527283824
750.8678573111915
706.1372402554781
683.5346760335175
673.5411645622744
656.1377057588437
629.0062995404512
615.688945824452
597.6276445283318
577.8133955697054
566.4851988663175
550.8890543360419
535.1029618968815
528.9219214669681
518.709932964562
499.30599630805216
479.6081114159557
470.2582782069179
467.28249659971186
455.2017665132383
445.89208786652534
434.9224605787285
433.8628845691303
419.7983597571401
404.31288606229384
404.42446340425414
393.3430917028097
381.95277087787537
359.06950084949176
363.9822815378252
359.21711286316764
347.43699474593603
342.2139271066726
332.9519098660444
330.2869429448431
325.95302626398495
313.7721597445104
320.30234330758407
320.36957687449456
309.58086036665395
303.411193705598
287.64757681298573
281.9230096105993
298.08649202034377
294.919023964247
278.1736053644593
281.0512361432535
266.50891622302436
274.9796455262888
266.34442397568534
265.1762514939743
265.79012800403723
267.13305342887685
255.4720276916171
262.6450507155025
247.21112242389836
241.7752427402904
230.04641158828454
235.2216288916068
227.5558945741031
218.84020855973898
228.86257077259958
232.67698113688922
225.33443957693146
222.81594601716873
220.16350038216225
208.17210259659174
216.43975258525535
221.37245027306943
208.1381955850683
212.25798844640408
213.03482878234655
212.86571651828297
217.86165157971783
204.42563389227269
199.41266338168603
204.80173997381306
207.92386359462543
203.46203417021124
197.1322516267747
196.36451589063597
