224.685
235.046
232.725
228.699
234.335
229.872
237.376
234.204
223.572
228.453
241.617
228.119
239.98
241.09
245.258
255.301
263.627
263.111
263.466
268.83
282.184
291.28
296.947
295.604
318.138
322.636
318.287
318.918
337.479
330.752
339.648
327.729
331.722
329.564
330.769
330.959
325.833
326.923
328.483
315.143
309.543
306.322
306.337
311.56
310.93
296.291
297.896
299.176
293.127
297.067
283.611
281.892
289.811
278.65
272.146
269.658
263.357
253.643
247.614
234.427
236.231
234.474
219.18
215.784
215.858
216.699
198.947
196.965
192.604
182.225
192.06
182.812
176.087
174.228
171.104
169.742
172.222
169.426
168.198
146.102
159.173
165.95
158.142
146.893
149.1
145.714
145.586
140.121
140.851
142.025
139.589
130.875
132.614
131.43
137.257
138.633
138.974
119.815
125.983
125.072
124.414
126.313
116.563
125.671
133.07
125.075
121.269
123.161
124.797
124.29
114.607
120.41
117.231
109.828
112.917
119.219
127.41
116.581
114.232
117.369
113.722
110.76
113.698
100.674
112.395
106.185
107.644
103.768
111.43
114.85
117.103
110.305
111.467
106.189
103.218
105.515
103.997
115.838
105.314
110.495
111.543
119.407
113.929
106.928
113.223
112.5
119.879
111.75
114.088
114.32
111.392
109.082
109.551
102.699
104.635
115.32
113.188
109.23
110.065
108.559
115.869
103.982
110.009
115.737
102.114
110.679
105.736
102.579
100.265
114.197
107.238
106.386
105.658
112.908
113.337
115.379
113.704
109.769
114.817
106.196
99.051
110.411
107.703
109.382
113.093
111.191
112.986
115.438
110.695
109.705
108.301
112.779
103.809
117.726
114.42
112.89
111.185
117.151
114.837
121.255
123.229
122.438
133.505
135.023
135.704
142.944
141.911
154.218
147.637
170.859
165.824
170.257
172.454
186.156
193.71
214.741
229.535
239.885
253.158
273.27
280.595
268.689
280.831
259.821
245.213
234.928
209.314
195.109
175.638
165.471
156.726
139.651
136.639
144.359
129.36
140.264
139.684
128.029
130.407
137.149
136.558
127.575
135.805
129.658
140.053
144.422
143.914
155.664
155.891
155.315
157.162
159.394
156.016
159.751
168.023
157.366
137.356
128.919
135.947
124.629
123.651
108.753
100.066
103.409
104.888
89.802
87.827
90.287
85.255
85.523
81.062
80.701
77.054
75.445
78.596
71.056
70.988
68.912
69.094
71.777
64.288
64.248
68.618
65.937
69.337
64.204
56.209
62.544
61.211
61.194
57.683
59.009
52.282
49.202
48.426
58.466
52.748
56.711
54.135
50.751
52.217
44.889
54.093
60.931
50.871
50.738
47.297
42.337
43.528
37.917
46.305
46.641
46.227
45.995
49.703
46.567
53.328
53.795
42.263
49.553
40.599
48.247
35.259
43.759
38.087
47.771
39.859
40.873
45.648
38.94
44.016
50.503
46.933
50.348
47.732
51.253
58.63
55.556
50.517
43.572
47.459
52.717
58.045
52.333
58.196
55.559
48.114
48.024
55.306
53.276
48.233
59.155
54.442
47.196
50.562
57.232
56.068
54.821
61.146
48.578
50.18
49.258
49.011
50.348
55.334
51.719
65.57
67.491
62.183
58.385
65.113
58.913
58.758
65.458
62.625
66.515
66.776
66.153
64.914
73.632
68.652
74.82
77.469
74.802
82.58
84.359
85.243
79.17
74.754
81.577
83.594
87.486
86.862
88.852
92.192
88.709
88.871
93.578
98.227
102.621
99.976
105.927
94.656
95.274
107.441
112.829
117.748
113.269
120.541
119.064
130.283
129.626
137.892
126.981
144.183
151.813
136.883
140.354
155.92
154.367
167.269
174.096
177.557
195.321
186.17
196.443
188.751
213.744
226.236
238.593
241.257
262.709
268.142
272.088
292.821
319.258
325.108
343.835
364.341
405.449
408.697
444.592
461.481
492.078
518.894
556.081
587.921
616.967
638.76
682.611
754.074
762.625
782.829
815.557
888.472
926.102
990.362
1025.142
1053.512
1117.632
1153.612
1218.412
1283.752
1316.652
1389.512
1417.182
1473.692
1546.052
1591.412
1652.852
1731.622
1773.942
1855.732
1926.062
1982.412
2033.542
2075.042
2158.172
2142.122
2187.092
2252.112
2264.952
2303.462
2314.372
2376.922
2417.302
2456.652
2476.752
2490.552
2493.402
2518.932
2505.652
2551.862
2611.692
2621.992
2659.272
2734.192
2757.252
2847.542
2959.342
3073.832
3170.832
3275.922
3450.462
3592.102
3821.132
3971.532
4140.162
4383.692
4606.552
4845.142
5085.522
5354.802
5612.432
5844.012
6066.362
6262.972
6411.052
6449.002
6428.082
6377.292
6177.612
5915.262
5669.962
5411.912
5111.422
4836.722
4594.332
4350.952
4098.652
3876.682
3670.662
3491.142
3292.912
3121.642
2974.162
2847.582
2738.732
2605.192
2547.112
2473.062
2397.712
2354.472
2330.612
2332.102
2321.032
2361.582
2402.182
2459.882
2536.992
2613.182
2704.172
2831.582
2948.032
3049.222
3131.832
3227.282
3282.852
3286.372
3245.642
3172.172
3085.302
2975.412
2808.342
2697.092
2592.392
2432.482
2316.412
2248.372
2172.022
2120.992
2108.652
2079.082
2084.752
2075.352
2078.822
2158.752
2203.722
2235.962
2315.462
2353.122
2434.202
2581.262
2696.972
2826.182
2992.172
3184.712
3285.602
3473.742
3687.492
3913.362
4134.002
4385.552
4618.292
4915.072
5185.152
5441.662
5663.842
5949.872
6212.422
6497.642
6766.512
7034.542
7325.892
7531.372
7808.032
8037.442
8204.392
8418.962
8537.072
8698.552
8799.432
8859.502
8877.762
8899.942
8883.592
8777.242
8638.202
8462.132
8336.272
8116.852
7814.192
7519.252
7232.702
7013.532
6670.482
6350.402
6045.542
5685.552
5298.862
4982.992
4660.442
4330.792
4008.392
3718.242
3436.312
3176.722
2956.332
2670.322
2448.602
2273.292
2085.792
1906.102
1776.992
1643.942
1529.222
1408.482
1306.902
1229.902
1159.702
1084.282
1018.592
960.562
916.642
872.532
834.832
797.437
788.955
757.667
730.31
737.978
745.822
717.2
738.413
725.022
725.605
737.205
739.496
759.248
764.117
777.753
805.404
819.502
837.312
875.812
881.712
893.632
894.962
964.492
980.032
1009.852
1072.252
1099.882
1104.752
1135.092
1135.522
1190.752
1269.022
1258.502
1331.742
1369.342
1428.992
1493.512
1530.352
1586.382
1640.682
1758.592
1840.562
1926.792
2013.062
2094.942
2235.172
2305.752
2443.272
2557.932
2698.122
2857.602
3021.392
3203.562
3389.022
3550.032
3770.092
3990.282
4228.682
4519.502
4717.402
4943.932
5291.652
5548.562
5801.322
6039.462
6290.082
6476.312
6676.252
6804.242
6941.362
7038.952
7052.212
7080.572
7056.872
6994.152
6919.862
6810.842
6649.272
6473.262
6400.782
6288.272
6124.312
5944.782
5781.242
5604.992
5403.492
5287.092
5115.462
4990.832
4817.182
4605.942
4468.202
4303.062
4169.382
4038.672
3823.742
3700.732
3572.252
3512.432
3361.942
3271.332
3216.802
3123.522
3046.042
2944.662
2930.312
2858.692
2788.312
2718.922
2618.102
2600.592
2569.522
2504.202
2447.852
2369.212
2322.472
2246.412
2196.202
2137.932
2069.152
2020.402
1948.402
1895.302
1836.642
1761.672
1714.632
1679.412
1624.302
1612.502
1561.052
1535.732
1515.332
1478.672
1461.292
1414.652
1407.282
1374.142
1335.192
1325.672
1284.422
1274.352
1228.522
1205.462
1189.412
1150.802
1101.982
1078.472
1044.432
1023.812
989.622
948.732
908.652
889.492
858.742
819.882
774.952
752.341
716.477
694.994
664.915
624.62
603.921
580.836
546.062
544.093
517.571
490.219
478.809
469.49
449.554
441.768
427.872
410.247
387.36
368.699
366.955
358.433
343.911
332.302
335.48
322.41
303.6
304.802
294.961
288.668
282.45
259.356
266.579
270.462
261.281
251.674
247.995
240.662
239.172
242.279
231.43
228.272
224.999
217.107
213.191
206.154
204.258
203.374
197.616
189.132
196.677
204.432
184.8
182.724
188.033
187.255
184.796
189.468
187.924
182.935
182.329
184.412
178.549
186.196
180.375
175.37
174.229
176.736
179.637
170.723
156.013
155.865
159.506
160.286
153.964
149.575
140.902
148.578
146.666
143.182
127.028
129.57
128.499
132.545
124.998
131.319
130.101
122.566
129.257
129.366
122.503
123.341
124.372
127.229
120.961
131.789
129.345
125.021
133.3
125.058
125.402
120.874
122.511
115.329
139.502
125.648
131.239
142.76
136.702
132.712
146.672
131.588
140.331
156.088
154.737
153.779
170.938
165.148
166.823
176.379
183.221
195.645
183.877
192.112
169.812
180.519
195.623
190.361
190.969
206.558
195.719
202.67
202.855
205.053
198.412
197.275
201.161
197.43
189.701
187.667
186.377
190.887
179.914
186.797
179.072
171.93
171.75
176.251
165.336
157.503
160.514
148.716
154.198
162.304
144.11
148.997
144.321
141.627
138.914
136.814
139.758
134.854
137.601
140.234
136.094
138.045
138.807
128.806
134.428
135.19
121.069
134.465
128.533
123.762
123.257
118.333
121.463
115.846
115.832
109.005
104.358
112.135
99.918
89.111
99.143
102.628
94.859
100.679
95.241
88.069
93.717
91.711
87.47
85.744
85.489
90.427
88.579
96.935
91.992
83.601
90.191
97.317
96.854
86.097
97.75
100.978
97.803
104.716
103.929
98.904
96.637
97.055
94.457
98.526
99.029
97.228
100.949
91.058
97.722
91.76
98.847
95.581
102.237
108.943
107.039
111.9
113.76
108.552
127.005
121.348
123.607
115.66
125.706
116.367
128.595
122.219
125.349
126.829
133.875
129.901
126.618
141.297
122.131
131.266
141.535
137.702
149.61
145.63
145.188
157.21
154.438
157.754
158.565
163.422
170.885
173.173
167.394
166.638
176.521
175.566
184.314
188.027
179.781
176.322
191.808
186.11
202.647
195.13
205.915
200.15
205.728
217.373
222.056
232.826
240.554
239.473
255.258
251.43
263.43
264.581
267.747
259.203
256.096
288.243
287.473
278.022
298.804
293.767
296.678
293.337
300.015
289.362
313.609
292.519
304.45
285.879
282.199
288.048
272.3
287.763
282.267
281.13
271.975
266.823
275.095
265.557
248.324
257.742
258.703
262.859
251.431
253.081
249.149
247.505
246.036
254.001
271.145
254.597
230.12
251.239
241.003
241.496
246.697
261.808
241.199
249.151
250.332
243.959
236.426
244.929
241.243
244.698
231.785
235.785
214.573
241.592
248.804
238.42
244.634
244.465
261.883
254.112
271.931
274.276
282.409
289.726
311.088
288.862
307.072
319.062
323.468
331.01
347.369
355.063
360.491
361.552
375.05
390.207
399.117
398.136
409.437
425.407
427.261
438.473
438.779
447.26
444.704
445.144
465.79
478.506
480.75
489.129
510.553
529.214
545.892
560.47
556.624
588.194
619.211
629.541
630.703
662.621
658.599
671.102
681.774
683.535
687.681
684.364
677.923
699.453
695.391
675.046
683.529
686.537
669.602
674.103
662.347
661.448
664.856
674.118
678.683
675.536
665.407
670.59
686.751
693.683
686.671
672.649
658.999
646.419
630.949
608.167
582.863
571.972
551.197
525.979
505.346
482.391
447.158
440.572
420.829
401.232
385.304
372.351
366.909
346.089
331.641
331.172
331.003
334.787
325.669
303.588
298.772
293.821
284.196
285.256
280.162
270.819
263.119
256.712
256.229
258.029
252.031
258.938
251.497
241.878
242.658
236.924
248.511
247.998
242.525
242.043
253.214
259.43
265.359
264.767
254.974
248.43
260.806
264.731
268.195
274.13
271.109
276.922
282.119
282.377
284.339
283.629
298.061
290.045
289.802
311.569
309.199
316.517
313.708
315.497
325.587
328.233
337.87
334.738
337.239
340.169
344.223
357.66
349.479
343.921
354.84
356.086
353.468
358.85
364.884
351.646
361.418
385.307
393.444
392.594
409.138
409.308
411.555
429.8
432.236
456.403
455.538
486.463
499.826
506.845
545.894
561.116
570.905
594.449
633.732
625.33
667.429
689.347
726.004
763.378
790.819
810.199
856.742
902.892
929.572
987.612
1013.402
1057.502
1116.712
1150.472
1199.992
1228.542
1237.022
1218.242
1257.332
1252.962
1247.912
1221.832
1240.342
1221.182
1192.342
1209.612
1222.692
1203.372
1189.772
1199.772
1230.042
1232.582
1194.332
1179.062
1182.092
1178.502
1178.012
1175.932
1172.852
1181.782
1164.892
1194.972
1189.862
1198.812
1229.192
1244.172
1265.312
1306.592
1348.042
1388.412
1447.182
1508.972
1534.102
1597.232
1643.542
1664.102
1671.992
1647.132
1593.202
1586.272
1527.952
1499.432
1459.712
1403.502
1356.472
1276.612
1233.812
1168.192
1102.952
1017.622
951.462
883.762
801.786
736.116
673.326
627.447
605.224
543.542
502.732
491.51
476.872
423.863
411.157
389.398
369.036
356.287
338.822
314.794
301.047
298.738
288.793
270.265
255.463
238.995
246.698
237.552
227.027
217.353
207.534
199.9
196.032
185.843
192.587
176.354
175.936
161.59
155.736
161.105
155.826
144.975
152.556
149.416
144.263
139.157
138.618
128.466
118.477
128.283
137.141
130.018
132.111
116.838
131.641
121.241
116.349
116.549
105.856
127.177
114.783
108.916
101.657
115.088
109.425
98.259
102.843
101.523
99.158
105.461
93.423
96.071
92.211
103.541
93.148
93.145
95.969
99.928
92.611
92.375
95.044
93.703
87.934
84.437
90.632
89.072
81.571
77.61
85.247
93.939
82.46
86.79
74.673
74.135
84.424
86.417
90.354
71.24
82.395
82.795
80.111
82.398
76.547
75.909
69.438
78.311
79.556
84.271
86.611
79.701
69.553
82.044
82.308
77.356
68.716
68.35
81.845
83.701
74.564
86.498
87.772
83.584
87.718
74.838
76.662
82.543
83.58
87.709
86.656
84.838
89.339
96.967
92.253
92.204
89.453
103.547
104.213
99.738
93.326
102.006
106.837
105.196
101.448
116.055
108.941
117.349
127.676
116.977
117.594
128.511
128.871
136.65
132.171
133.038
133.037
134.408
140.436
130.632
132.785
134.765
131.389
133.654
138.945
139.9
140.786
130.617
123.65
132.304
130.258
126.222
131.758
126.278
127.695
126.971
124.726
132.684
139.726
133.77
140.35
147.049
138.499
139.688
136.409
137.883
138.565
135.176
130.903
136.52
139.952
127.902
125.033
117.985
112.237
111.275
108.96
100.589
101.605
97.09
89.17
84.325
82.69
85.951
88.261
87.247
70.078
69.604
69.704
73.734
68.876
64.884
60.429
60.398
63.722
53.818
57.29
57.053
62.221
73.176
58.783
63.494
65.271
65
53.679
51.76
63.265
56.769
57.533
58.067
61.934
62.357
66.569
66.316
62.081
51.924
57.896
56.274
59.288
66.829
58.448
51.93
54.06
62.21
66.307
64.316
63.561
60.408
60.354
74.769
68.916
62.73
72.582
66.597
70.986
67.83
65.41
68.568
68.933
79.807
76.916
79.169
70.892
70.994
76.994
80.31
74.47
71.62
72.48
75.168
81.704
92.096
88.883
90.806
100.088
98.349
104.767
112.471
109.427
117.095
126.532
142.022
144.873
152.204
152.636
165.65
181.413
183.903
196.265
201.117
231.558
232.608
249.532
272.208
278.049
287.512
298.204
292.553
300.704
303.93
305.712
302.35
309.518
296.586
289.398
286.35
270.07
266.569
255.229
247.029
250.12
231.876
231.455
219.822
223.913
205.997
192.88
185.663
194.23
193.016
184.937
183.206
178.424
154.867
163.562
159.105
150.341
154.244
145.589
154.211
159.999
151.194
138.893
154.539
153.88
163.49
170.129
170.912
176.598
171.376
190.6
195.366
196.374
211.526
227.569
221.422
224.914
233.435
225.859
217.965
213.486
196.816
190.139
177.144
170.514
171.142
165.164
143.879
148.034
140.02
142.842
139.878
136.619
138.652
131.636
132.958
134.652
130.916
130.194
132.236
142.375
124.4
132.002
131.694
142.643
120.086
140.813
146.843
144.776
159.508
158.555
163.923
145.135
162.651
182.217
173.445
175.499
181.046
194.345
187.454
192.775
212.598
221.3
221.648
221.421
219.705
230.482
223.848
228.924
246.907
250.833
258.493
264.755
262.674
260.806
264.141
259.42
276.09
273.647
282.178
295.158
308.44
317.025
321.184
333.216
326.463
334.261
336.809
340.295
344.498
348.639
347.926
346.331
334.159
332.61
325.479
314.334
321.905
322.369
310.083
311.119
314.483
311.017
305.956
318.614
329.751
333.441
333.981
338.264
344.133
360.697
381.356
403.496
419.907
419.413
441.886
454.769
481.143
492.618
513.933
540.839
563.514
588.359
609.916
630.159
651.939
671.47
700.934
723.957
735.954
759.514
771.637
806.792
835.002
846.742
873.402
890.552
909.522
903.932
897.962
893.242
885.902
865.832
854.652
853.932
824.672
809.828
805.352
801.689
789.719
764.562
754.747
761.567
749.949
738.998
749.67
755.6
762.866
771.151
753.185
763.616
779.842
777.406
800.378
807.246
815.972
849.882
868.222
887.502
928.722
966.832
992.622
1065.192
1127.722
1173.332
1259.942
1335.962
1419.082
1528.422
1631.502
1738.862
1858.482
1968.042
2063.532
2129.612
2186.022
2228.002
2261.972
2272.532
2251.542
2206.752
2143.752
2089.782
1991.922
1913.422
1842.892
1749.602
1645.102
1533.972
1479.752
1396.832
1330.242
1263.722
1207.092
1145.442
1089.762
1034.582
989.382
948.452
903.522
857.582
835.182
773.39
765.388
727.551
707.589
675.335
640.788
603.541
568.779
549.413
522.881
483.352
455.699
439.785
409.634
394.637
362.031
336.032
329.964
309.754
295.047
272.763
253.98
246.098
231.864
229.274
201.086
211.248
195.293
196.463
185.111
178.47
181.378
150.612
159.146
160.06
149.525
152.92
138.615
134.785
132.616
127.049
135.144
126.435
123.354
119.175
120.686
126.408
116.674
106.038
114.286
104.795
121.314
109.051
108.293
111.382
103.903
111.432
104.334
95.737
102.268
104.199
92.486
99.728
101.731
102.199
80.925
100.731
90.898
90.009
87.848
83.893
90.997
94.426
81.605
78.78
85.874
94.93
91.141
92.233
90.305
91.344
80.297
91.824
85.805
82.549
81.13
90.478
79.488
90.209
86.724
86.472
85.087
92.211
97.363
84.031
90.937
86.657
85.693
96.056
99.206
101.241
82.55
86.526
88.332
89.644
99.708
99.952
82.55
89.702
99.197
99.775
82.261
95.697
89.245
99.365
85.763
97.643
103.137
89.477
88.282
105.59
88.399
86.776
106.502
102.621
94.018
97.736
91.634
93.506
100.396
104.041
97.299
87.807
109.959
100.818
106.05
114.326
115.993
111.625
102.649
101.796
120.891
112.864
114.41
108.772
123.227
115.971
117.278
129.861
127.271
125.469
122.685
132.506
132.136
132.694
140.796
148.256
159.121
160.156
154.534
158.324
162.604
181.135
188.682
190.721
194.712
206.872
215.103
216.49
218.773
219.579
234.433
248.498
263.227
261.361
251.62
266.502
271.423
271.03
271.126
255.422
254.778
257.42
245.7
242.081
240.256
237.975
237.101
234.347
239.154
226.806
225.347
222.307
227.846
211.261
217.822
237.745
235.091
240.045
238.015
239.204
236.962
240.871
241.49
232.592
234.391
238.134
235.071
243.949
246.29
245.39
248.272
259.304
260.106
262.073
257.978
284.481
286.861
297.104
294.747
295.544
303.666
305.272
315.223
322.183
327.428
350.046
357.879
362.671
378.691
395.8
382.485
412.699
431.859
445.387
447.46
451.781
480.075
481.627
495.349
513.402
523.427
524.426
515.898
541.665
531.899
549.813
550.309
561.529
553.248
570.765
563.5
563.439
579.459
574.927
570.769
586.439
601.917
604.141
630.561
637.365
653.331
677.103
702.092
717.696
722.383
767.698
783.803
834.782
855.112
882.212
907.772
957.302
967.812
1022.622
1073.932
1108.672
1159.992
1196.532
1245.312
1285.982
1322.942
1376.662
1405.332
1455.362
1488.002
1502.162
1539.442
1568.802
1594.832
1600.042
1631.032
1615.062
1615.422
1580.132
1571.252
1570.022
1544.112
1510.552
1480.042
1423.312
1434.682
1412.242
1375.692
1359.322
1329.612
1314.322
1321.282
1333.972
1340.482
1328.362
1335.022
1319.552
1366.252
1342.252
1369.552
1398.512
1441.382
1471.302
1477.682
1492.622
1526.422
1559.722
1585.892
1605.312
1638.322
1617.542
1654.492
1656.182
1688.182
1659.372
1664.582
1652.142
1644.342
1639.852
1644.102
1591.702
1604.672
1592.972
1594.782
1573.192
1547.482
1546.512
1549.292
1536.752
1542.782
1545.812
1532.812
1564.112
1522.592
1521.052
1509.662
1489.002
1479.662
1450.022
1444.532
1419.012
1368.132
1354.482
1315.392
1286.822
1269.842
1228.942
1183.902
1156.022
1130.632
1088.252
1044.922
1022.972
980.652
936.362
908.712
859.312
811.087
804.165
783.04
763.051
729.478
684.781
662.212
652.252
634.882
607.784
594.5
576.472
556.691
545.396
529.833
514.08
507.932
497.753
478.382
458.717
449.4
446.457
434.409
425.132
414.195
413.168
399.136
383.683
383.827
372.778
361.42
338.569
343.514
338.781
327.033
321.842
312.612
309.979
305.677
293.528
300.09
300.189
289.432
283.294
267.562
261.869
278.064
274.928
258.214
261.123
246.612
255.114
246.51
245.373
246.018
247.392
235.762
242.966
227.563
222.158
210.46
215.666
208.031
199.346
209.399
213.244
205.932
203.444
200.822
188.861
197.159
202.122
188.918
193.068
193.875
193.736
198.762
185.356
180.373
185.792
188.944
184.512
178.212
177.474
